152384464.0
26306924.0
225967.046875
111163.6875
82165.28125
110180.484375
160668.578125
163801.859375
123725.1328125
96829.125
84614.734375
72536.8125
58175.65625
44763.71484375
34307.6796875
26896.4609375
21838.001953125
18399.6953125
16028.5634765625
14353.2744140625
13134.90234375
12220.6015625
11512.5712890625
10947.8837890625
10486.173828125
10102.220703125
9778.8125
9502.3876953125
9262.498046875
9051.6318359375
8864.423828125
8696.69921875
8545.080078125
8407.158203125
8281.314453125
8165.99365234375
8059.740234375
7961.14892578125
7869.0576171875
7782.7783203125
7701.64501953125
7624.806640625
7551.2666015625
7480.2099609375
7411.3271484375
7344.61328125
7280.0693359375
7217.5341796875
7156.85205078125
7098.06982421875
7041.3515625
6986.74609375
6934.138671875
6883.3232421875
6834.009765625
6786.01708984375
6739.29443359375
6693.96240234375
6650.13818359375
6607.7666015625
6566.63525390625
6526.55322265625
6487.44677734375
6449.25537109375
6412.0498046875
6375.81298828125
6340.51416015625
6306.09619140625
6272.443359375
6239.51171875
6207.2607421875
6175.64404296875
6144.70068359375
6114.3828125
6084.72412109375
6055.70458984375
6027.31982421875
5999.548828125
5972.35205078125
5945.7197265625
5919.599609375
5894.00439453125
5868.92529296875
5844.3291015625
5820.19482421875
5796.52587890625
5773.27392578125
5750.41845703125
5727.9326171875
5705.80859375
5684.06591796875
5662.6455078125
5641.54541015625
5620.74169921875
5600.232421875
5580.013671875
5560.07861328125
5540.4248046875
5521.03955078125
5501.91357421875
5483.0361328125
5464.41015625
5446.02392578125
5427.8935546875
5409.98046875
5392.28466796875
5374.82373046875
5357.57861328125
5340.564453125
5323.75341796875
5307.1650390625
5290.79150390625
5274.62158203125
5258.6708984375
5242.92333984375
5227.3681640625
5212.02197265625
5196.85107421875
5181.86376953125
5167.0556640625
5152.40283203125
5137.92431640625
5123.58251953125
5109.40380859375
5095.36572265625
5081.48046875
5067.7138671875
5054.0908203125
5040.595703125
5027.240234375
5014.0078125
5000.89697265625
4987.9189453125
4975.0654296875
4962.310546875
4949.67529296875
4937.1435546875
4924.724609375
4912.4111328125
4900.21435546875
4888.14208984375
4876.1923828125
4864.37060546875
4852.6875
4841.12744140625
4829.6962890625
4818.3642578125
4807.15234375
4796.04638671875
4785.0576171875
4774.173828125
4763.4013671875
4752.7314453125
4742.14794921875
4731.64697265625
4721.23046875
4710.8935546875
4700.64111328125
4690.46826171875
4680.3837890625
4670.38818359375
4660.48046875
4650.64990234375
4640.88720703125
4631.2099609375
4621.59716796875
4612.04833984375
4602.55615234375
4593.13818359375
4583.7861328125
4574.50048828125
4565.27197265625
4556.08349609375
4546.9658203125
4537.91162109375
4528.927734375
4519.97509765625
4511.10107421875
4502.29150390625
4493.53759765625
4484.8388671875
4476.20068359375
4467.607421875
4459.072265625
4450.58544921875
4442.14794921875
4433.7607421875
4425.42578125
4417.12109375
4408.87109375
4400.66162109375
4392.49560546875
4384.36767578125
4376.27734375
4368.22705078125
4360.21630859375
4352.23388671875
4344.294921875
4336.38134765625
4328.513671875
4328.513671875
3477.748291015625
2898.23388671875
2573.450439453125
2394.6162109375
2236.656494140625
2113.2177734375
2048.7705078125
2023.1884765625
2002.698974609375
1980.324462890625
1964.05859375
1952.9176025390625
1938.91796875
1920.56689453125
1901.69677734375
1882.2158203125
1859.8524169921875
1835.9439697265625
1813.9808349609375
1795.8856201171875
1781.111572265625
1767.83837890625
1755.0087890625
1743.6644287109375
1735.61279296875
1730.7894287109375
1726.846923828125
1722.16455078125
1717.373291015625
1713.37548828125
1709.9102783203125
1705.9305419921875
1700.593017578125
1694.4066162109375
1688.4422607421875
1682.8153076171875
1677.2286376953125
1671.885498046875
1667.2501220703125
1663.5135498046875
1660.3905029296875
1657.4132080078125
1654.580810546875
1652.10888671875
1649.929443359375
1647.9005126953125
1645.9986572265625
1644.2073974609375
1642.4119873046875
1640.4991455078125
1638.633544921875
1636.9228515625
1635.3291015625
1633.8880615234375
1632.6533203125
1631.5791015625
1630.5657958984375
1629.5289306640625
1628.4443359375
1627.3331298828125
1626.266357421875
1625.234619140625
1624.220947265625
1623.2286376953125
1622.2899169921875
1621.4344482421875
1620.6322021484375
1619.87890625
1619.15869140625
1618.472900390625
1617.852294921875
1617.25341796875
1616.651123046875
1616.069580078125
1615.5067138671875
1614.9718017578125
1614.46044921875
1613.96630859375
1613.4989013671875
1613.0498046875
1612.6221923828125
1612.1998291015625
1611.7733154296875
1611.352294921875
1610.9306640625
1610.5020751953125
1610.0775146484375
1609.6358642578125
1609.1805419921875
1608.7027587890625
1608.190673828125
1607.660888671875
1607.0950927734375
1606.467041015625
1605.765869140625
1605.0289306640625
1604.39404296875
1603.9527587890625
1603.2646484375
1602.5753173828125
1602.0682373046875
1601.390380859375
1600.658203125
1600.061767578125
1599.349853515625
1598.5126953125
1597.748046875
1596.9063720703125
1596.0235595703125
1595.2320556640625
1594.372802734375
1593.4183349609375
1592.47021484375
1591.480712890625
1590.418701171875
1589.3087158203125
1588.138916015625
1586.888671875
1585.630126953125
1584.3670654296875
1583.11279296875
1581.92529296875
1580.8671875
1579.930908203125
1579.146728515625
1578.5067138671875
1577.930908203125
1577.33642578125
1576.677734375
1575.9815673828125
1575.27734375
1574.5787353515625
1573.8936767578125
1573.2197265625
1572.5821533203125
1571.978759765625
1571.4222412109375
1570.8836669921875
1570.346923828125
1569.8634033203125
1569.4202880859375
1569.007080078125
1568.626220703125
1568.2552490234375
1567.877685546875
1567.4854736328125
1567.0899658203125
1566.70458984375
1566.3092041015625
1565.92578125
1565.5426025390625
1565.1583251953125
1564.7684326171875
1564.39306640625
1564.0166015625
1563.635986328125
1563.2581787109375
1562.89501953125
1562.52197265625
1562.1512451171875
1561.78369140625
1561.391357421875
1560.9990234375
1560.614013671875
1560.2359619140625
1559.8541259765625
1559.47021484375
1559.090576171875
1558.717041015625
1558.361572265625
1558.006103515625
1557.655029296875
1557.301513671875
1556.943603515625
1556.5885009765625
1556.2325439453125
1555.87353515625
1555.5150146484375
1555.1572265625
1554.81201171875
1554.457763671875
1554.1065673828125
1553.7430419921875
1553.379638671875
1553.0205078125
1552.6639404296875
1552.306640625
1551.9644775390625
1551.6197509765625
1551.288818359375
1550.9801025390625
1550.6702880859375
1550.3785400390625
1550.1005859375
1549.846435546875
1549.599609375
1549.3648681640625
1549.135498046875
1548.908203125
1548.908203125
1774.1522216796875
1708.993896484375
1682.745361328125
1668.98779296875
1649.2376708984375
1616.3336181640625
1609.64794921875
1619.7608642578125
1611.100830078125
1588.4698486328125
1579.385986328125
1583.4371337890625
1582.5364990234375
1574.970458984375
1569.7974853515625
1568.3817138671875
1566.2833251953125
1562.5133056640625
1559.568359375
1558.544189453125
1557.785400390625
1555.515380859375
1552.4774169921875
1550.7757568359375
1550.5338134765625
1550.0953369140625
1548.80517578125
1547.2945556640625
1546.1912841796875
1545.495849609375
1544.762939453125
1543.9490966796875
1543.3443603515625
1542.897216796875
1542.3162841796875
1541.6397705078125
1541.2047119140625
1541.04296875
1540.72509765625
1540.0955810546875
1539.6529541015625
1539.5777587890625
1539.42431640625
1539.0906982421875
1538.8494873046875
1538.698486328125
1538.480712890625
1538.2412109375
1538.0828857421875
1538.0283203125
1537.9256591796875
1537.7515869140625
1537.5867919921875
1537.4830322265625
1537.432373046875
1537.3631591796875
1537.24072265625
1537.1285400390625
1537.0633544921875
1537.011474609375
1536.92724609375
1536.8363037109375
1536.778564453125
1536.7266845703125
1536.646240234375
1536.5751953125
1536.5296630859375
1536.4759521484375
1536.405517578125
1536.343017578125
1536.286376953125
1536.227783203125
1536.1688232421875
1536.11328125
1536.0579833984375
1536.0030517578125
1535.9512939453125
1535.908935546875
1535.85205078125
1535.7939453125
1535.749755859375
1535.7020263671875
1535.6434326171875
1535.5899658203125
1535.5394287109375
1535.484130859375
1535.4195556640625
1535.3560791015625
1535.299560546875
1535.240966796875
1535.1781005859375
1535.116455078125
1535.0438232421875
1534.9669189453125
1534.8880615234375
1534.810302734375
1534.7283935546875
1534.645751953125
1534.5494384765625
1534.4483642578125
1534.3414306640625
1534.2279052734375
1534.1068115234375
1533.9896240234375
1533.8626708984375
1533.744140625
1533.6175537109375
1533.4921875
1533.3558349609375
1533.2288818359375
1533.103271484375
1532.9639892578125
1532.8321533203125
1532.6986083984375
1532.5712890625
1532.45556640625
1532.332763671875
1532.222412109375
1532.109619140625
1532.00146484375
1531.9063720703125
1531.8094482421875
1531.7130126953125
1531.6197509765625
1531.5255126953125
1531.4373779296875
1531.3597412109375
1531.282470703125
1531.1953125
1531.1182861328125
1531.044677734375
1530.969970703125
1530.8846435546875
1530.8106689453125
1530.7310791015625
1530.64794921875
1530.5638427734375
1530.47900390625
1530.39501953125
1530.3009033203125
1530.2142333984375
1530.115478515625
1530.015625
1529.9051513671875
1529.79150390625
1529.6695556640625
1529.5643310546875
1529.44091796875
1529.3367919921875
1529.2259521484375
1529.0965576171875
1528.94482421875
1528.8038330078125
1528.6632080078125
1528.4971923828125
1528.323486328125
1528.1588134765625
1527.9796142578125
1527.7784423828125
1527.5867919921875
1527.39453125
1527.1651611328125
1526.9534912109375
1526.72119140625
1526.468017578125
1526.203369140625
1525.9310302734375
1525.6693115234375
1525.41455078125
1525.1580810546875
1524.8988037109375
1524.62060546875
1524.3192138671875
1524.0009765625
1523.63330078125
1523.2569580078125
1522.9359130859375
1522.80419921875
1522.749755859375
1522.482177734375
1522.228515625
1522.0721435546875
1521.85986328125
1521.593017578125
1521.3333740234375
1521.11279296875
1520.886474609375
1520.6343994140625
1520.377685546875
1520.1505126953125
1519.9786376953125
1519.8272705078125
1519.680419921875
1519.5032958984375
1519.353515625
1519.2076416015625
1519.0506591796875
1518.9019775390625
1518.7509765625
1518.750732421875
1818.1278076171875
1640.9893798828125
1665.644287109375
1654.3157958984375
1619.1656494140625
1599.3187255859375
1587.1318359375
1585.7618408203125
1583.2781982421875
1572.620849609375
1561.782958984375
1555.8951416015625
1553.4920654296875
1552.234130859375
1548.8907470703125
1543.17529296875
1539.6334228515625
1538.7293701171875
1537.140625
1534.7281494140625
1533.0087890625
1531.697021484375
1530.02685546875
1528.1685791015625
1526.7327880859375
1525.978271484375
1525.48681640625
1524.5841064453125
1523.2265625
1522.336181640625
1522.2152099609375
1521.998779296875
1521.184326171875
1520.25244140625
1519.6239013671875
1519.316162109375
1519.1849365234375
1518.92822265625
1518.496826171875
1518.017333984375
1517.6834716796875
1517.5042724609375
1517.2730712890625
1516.973876953125
1516.8092041015625
1516.6484375
1516.3900146484375
1516.1444091796875
1516.015380859375
1515.9195556640625
1515.8121337890625
1515.677978515625
1515.541015625
1515.427001953125
1515.3433837890625
1515.2962646484375
1515.2451171875
1515.1343994140625
1515.0445556640625
1514.9886474609375
1514.96240234375
1514.9224853515625
1514.8504638671875
1514.795166015625
1514.7470703125
1514.7025146484375
1514.659912109375
1514.606689453125
1514.5565185546875
1514.5101318359375
1514.47021484375
1514.4393310546875
1514.3880615234375
1514.3485107421875
1514.3035888671875
1514.2509765625
1514.213134765625
1514.1732177734375
1514.13671875
1514.090087890625
1514.0487060546875
1514.0091552734375
1513.9736328125
1513.9388427734375
1513.894775390625
1513.8572998046875
1513.8228759765625
1513.784912109375
1513.7469482421875
1513.710205078125
1513.6790771484375
1513.6502685546875
1513.6185302734375
1513.5841064453125
1513.5494384765625
1513.5225830078125
1513.4932861328125
1513.459716796875
1513.428955078125
1513.4005126953125
1513.367919921875
1513.3353271484375
1513.3056640625
1513.275146484375
1513.2384033203125
1513.2037353515625
1513.1734619140625
1513.1444091796875
1513.1165771484375
1513.0794677734375
1513.05224609375
1513.025146484375
1512.99072265625
1512.9632568359375
1512.93701171875
1512.9112548828125
1512.880126953125
1512.86083984375
1512.82861328125
1512.8072509765625
1512.77734375
1512.752685546875
1512.723388671875
1512.690673828125
1512.66845703125
1512.6378173828125
1512.619140625
1512.59228515625
1512.563232421875
1512.5328369140625
1512.5103759765625
1512.478759765625
1512.4459228515625
1512.4036865234375
1512.36279296875
1512.31005859375
1512.251953125
1512.1943359375
1512.11865234375
1512.034912109375
1511.9473876953125
1511.843994140625
1511.71533203125
1511.5650634765625
1511.402587890625
1511.2193603515625
1511.010498046875
1510.765625
1510.4925537109375
1510.21142578125
1509.94873046875
1509.7803955078125
1509.6844482421875
1509.569580078125
1509.4276123046875
1509.31640625
1509.230712890625
1509.1282958984375
1509.008056640625
1508.8968505859375
1508.792236328125
1508.68212890625
1508.55517578125
1508.4439697265625
1508.332275390625
1508.2257080078125
1508.1195068359375
1508.0107421875
1507.933349609375
1507.856689453125
1507.776611328125
1507.6903076171875
1507.605224609375
1507.5191650390625
1507.4305419921875
1507.3321533203125
1507.234619140625
1507.1358642578125
1507.0302734375
1506.9168701171875
1506.8026123046875
1506.6815185546875
1506.5556640625
1506.4412841796875
1506.3330078125
1506.220458984375
1506.124755859375
1506.0478515625
1505.98193359375
1505.9254150390625
1505.884521484375
1505.8568115234375
1505.848388671875
1505.842041015625
1505.8389892578125
1505.831787109375
1505.8258056640625
1505.8179931640625
1505.8072509765625
1505.8072509765625
1862.2950439453125
1609.2197265625
1679.2158203125
1678.962646484375
1619.474365234375
1590.86279296875
1582.2855224609375
1579.6978759765625
1577.3182373046875
1571.3974609375
1561.0169677734375
1548.641357421875
1541.60498046875
1542.3026123046875
1544.05078125
1540.156494140625
1532.32275390625
1527.1636962890625
1526.7548828125
1527.551025390625
1525.8118896484375
1521.79248046875
1518.607421875
1517.812255859375
1518.179443359375
1517.8480224609375
1516.1806640625
1514.07177734375
1512.764892578125
1512.6075439453125
1512.8028564453125
1512.3634033203125
1511.2056884765625
1510.1014404296875
1509.771484375
1509.7987060546875
1509.4337158203125
1508.7557373046875
1508.379150390625
1508.31884765625
1508.1396484375
1507.8609619140625
1507.6368408203125
1507.427978515625
1507.126708984375
1506.885986328125
1506.896240234375
1506.99755859375
1506.8330078125
1506.44873046875
1506.2724609375
1506.3837890625
1506.422119140625
1506.24951171875
1506.0914306640625
1506.04736328125
1506.0341796875
1506.0228271484375
1505.9805908203125
1505.917236328125
1505.84619140625
1505.820556640625
1505.825439453125
1505.79833984375
1505.7581787109375
1505.73486328125
1505.72509765625
1505.7034912109375
1505.6717529296875
1505.6558837890625
1505.65234375
1505.640625
1505.61865234375
1505.6044921875
1505.5953369140625
1505.5953369140625
1505.590576171875
1505.578369140625
1505.567138671875
1505.568359375
1505.5692138671875
1505.5604248046875
1505.5472412109375
1505.5408935546875
1505.5369873046875
1505.5345458984375
1505.5347900390625
1505.5279541015625
1505.522705078125
1505.52490234375
1505.5208740234375
1505.5133056640625
1505.51220703125
1505.5089111328125
1505.5050048828125
1505.49951171875
1505.493408203125
1505.48876953125
1505.4871826171875
1505.4840087890625
1505.4786376953125
1505.4793701171875
1505.4788818359375
1505.477294921875
1505.4732666015625
1505.4703369140625
1505.4658203125
1505.4599609375
1505.4560546875
1505.4541015625
1505.44921875
1505.44580078125
1505.44384765625
1505.4417724609375
1505.438232421875
1505.4326171875
1505.4293212890625
1505.4271240234375
1505.423095703125
1505.41943359375
1505.411865234375
1505.4097900390625
1505.4051513671875
1505.4034423828125
1505.39453125
1505.3902587890625
1505.3861083984375
1505.375732421875
1505.3726806640625
1505.369873046875
1505.368896484375
1505.3631591796875
1505.3580322265625
1505.3515625
1505.3492431640625
1505.3453369140625
1505.3369140625
1505.3277587890625
1505.3204345703125
1505.3143310546875
1505.3072509765625
1505.3028564453125
1505.2950439453125
1505.281005859375
1505.269775390625
1505.2620849609375
1505.2518310546875
1505.2427978515625
1505.234375
1505.2254638671875
1505.2169189453125
1505.1998291015625
1505.1783447265625
1505.1693115234375
1505.159912109375
1505.1370849609375
1505.119873046875
1505.1153564453125
1505.098876953125
1505.0810546875
1505.0732421875
1505.0572509765625
1505.0355224609375
1505.025146484375
1505.010986328125
1504.994140625
1504.9827880859375
1504.9691162109375
1504.958740234375
1504.948486328125
1504.940185546875
1504.9329833984375
1504.9290771484375
1504.9288330078125
1504.9256591796875
1504.9261474609375
1504.950927734375
1504.9818115234375
1504.9857177734375
1504.92626953125
1504.857666015625
1504.8623046875
1504.898193359375
1504.8765869140625
1504.82177734375
1504.8060302734375
1504.8251953125
1504.8070068359375
1504.7679443359375
1504.7568359375
1504.7646484375
1504.74658203125
1504.7159423828125
1504.7091064453125
1504.7034912109375
1504.6854248046875
1504.6636962890625
1504.6602783203125
1504.6470947265625
