-36589.01171875
-36019.7578125
-36502.36328125
-36446.3046875
-36330.6796875
-36367.5
-36447.5546875
-36495.91015625
-36500.640625
-36488.76953125
-36487.83203125
-36504.9453125
-36528.3359375
-36541.80859375
-36542.26171875
-36540.09375
-36544.0625
-36553.40234375
-36561.71484375
-36564.97265625
-36564.81640625
-36565.09765625
-36567.66796875
-36571.734375
-36575.53515625
-36577.875
-36578.921875
-36579.55078125
-36580.68359375
-36582.61328125
-36584.71875
-36586.0234375
-36586.625
-36587.1484375
-36588.02734375
-36589.265625
-36590.40625
-36590.94921875
-36591.06640625
-36591.40625
-36592.19140625
-36593.12890625
-36593.79296875
-36594.109375
-36594.296875
-36594.63671875
-36595.171875
-36595.7421875
-36596.15234375
-36596.390625
