-36603.578125
-36067.95703125
-36516.05078125
-36456.703125
-36358.64453125
-36400.90234375
-36478.3984375
-36525.22265625
-36527.1484375
-36507.7734375
-36502.45703125
-36522.796875
-36549.9296875
-36563.0859375
-36560.75390625
-36555.4453125
-36557.26171875
-36565.625
-36574.2890625
-36579.03125
-36580.39453125
-36580.98046875
-36582.3046875
-36584.65234375
-36587.51953125
-36589.9609375
-36591.74609375
-36593.13671875
-36594.08984375
-36594.78515625
-36595.75
-36597.11328125
-36598.52734375
-36599.48046875
-36599.94921875
-36600.3203125
-36600.92578125
-36601.75390625
-36602.5234375
-36602.98046875
-36603.19921875
-36603.44140625
-36603.84375
-36604.3515625
-36604.7890625
-36604.99609375
-36605.0859375
-36605.21484375
-36605.44921875
-36605.7265625
