-36567.88671875
-36054.53125
-36482.578125
-36409.171875
-36336.171875
-36391.7265625
-36454.28515625
-36484.64453125
-36490.1796875
-36485.203125
-36486.38671875
-36500.06640625
-36516.83203125
-36527.76171875
-36533.49609375
-36537.30859375
-36538.86328125
-36540.1328125
-36543.90234375
-36549.39453125
-36554.41796875
-36558.01171875
-36560.41015625
-36561.859375
-36562.984375
-36564.578125
-36566.91015625
-36569.546875
-36571.78515625
-36573.1640625
-36573.87890625
-36574.609375
-36575.8203125
-36577.37109375
-36578.73828125
-36579.625
-36580.3125
-36581.22265625
-36582.25390625
-36583.0390625
-36583.5546875
-36584.1640625
-36584.984375
-36585.71875
-36586.23046875
-36586.6953125
-36587.30078125
-36588.01953125
-36588.640625
-36589.01171875
