-35665.55078125
-35656.8984375
-36035.71875
-36084.86328125
-36075.0859375
-36121.109375
-36171.9921875
-36211.875
-36240.77734375
-36266.8515625
-36299.11328125
-36333.5703125
-36361.25390625
-36381.703125
-36402.59375
-36425.3984375
-36443.28125
-36456.98046875
-36466.9453125
-36474.5703125
-36483.19140625
-36490.515625
-36496.47265625
-36503.37890625
-36510.37109375
-36515.3046875
-36518.421875
-36521.18359375
-36524.984375
-36529.44921875
-36533.14453125
-36536.1171875
-36539.00390625
-36541.55859375
-36544.109375
-36546.25
-36547.96875
-36549.640625
-36551.1484375
-36552.921875
-36555.03125
-36556.890625
-36558.7421875
-36560.4296875
-36561.859375
-36563.13671875
-36564.3828125
-36565.625
-36566.7265625
-36567.88671875
