-36596.390625
-36043.82421875
-36515.7421875
-36447.72265625
-36335.3125
-36386.4140625
-36472.42578125
-36514.953125
-36510.6015625
-36494.4453125
-36497.4765625
-36520.6015625
-36543.671875
-36552.09375
-36550.7109375
-36550.390625
-36554.85546875
-36562.26953125
-36568.640625
-36572.43359375
-36574.42578125
-36576.09375
-36578.62109375
-36581.56640625
-36584.07421875
-36586.0390625
-36587.66015625
-36589.0859375
-36590.4140625
-36591.78515625
-36593.03125
-36594.03125
-36595.0
-36596.1875
-36597.42578125
-36598.125
-36598.3203125
-36598.6015625
-36599.26953125
-36600.2265625
-36601.046875
-36601.43359375
-36601.54296875
-36601.6953125
-36602.125
-36602.78125
-36603.2421875
-36603.359375
-36603.375
-36603.578125
