-37999.07017058099 
-37996.47174650415 
-37997.942479661004 
-38000.71483874751 
-38001.24194154455 
-38001.24194154455 
-38003.20188222979 
-38004.04068966565 
-38004.20826223659 
-38005.9635245382 
-38008.57003356598 
-38007.84372325743 
-38007.26328158935 
-38011.82826072458 
-38011.82826072458 
-38014.22920763905 
-38015.68986295851 
-38017.21961215432 
-38018.937875363845 
-38021.646262472015 
-38023.94923502172 
-38025.79961558629 
-38027.66672408861 
-38029.66034607646 
-38031.4776639953 
-38033.10118765022 
-38033.10118765022 
-38026.38571298595 
-38032.32314365931 
-37966.74217780121 
-38032.72709155845 
-38024.29271497446 
-38033.924334815485 
-38032.98418036683 
-38034.903950997796 
-38034.41461485148 
-38035.950936930756 
-38036.09236894404 
-38036.34672542808 
-38037.483824588526 
-38037.828776732546 
-38038.54075466999 
-38039.02995021248 
-38039.590361827206 
-38040.51293203774 
-38041.13870668676 
-38041.95729413885 
-38041.95729413885 
-38040.463330001694 
-38042.103805177496 
-38041.672906980915 
-38042.17997741963 
-38042.81300907046 
-38042.81300907046 
-38041.97764965549 
-38041.770172103075 
