-37278.77862625613 
-37604.269282190915 
-37779.16504245683 
-37826.081201368215 
-37846.28399850888 
-37857.71651558496 
-37861.86983666001 
-37870.43333112743 
-37874.57032832789 
-37882.32676808456 
-37885.950101218 
-37885.950101218 
-37880.13059106146 
-37892.30041643186 
-37821.53072816916 
-37882.70923263991 
-37849.02684024074 
-37888.18262963355 
-37900.833158766385 
-37906.870964672606 
-37915.79822015853 
-37923.0999556456 
-37929.63525295099 
-37935.59398902361 
-37941.30883852684 
-37946.78551550827 
-37951.890627958455 
-37956.596053727626 
-37961.28675919741 
-37964.46814290346 
-37964.46814290346 
-37961.77803129719 
-37966.422746866476 
-37968.54255595456 
-37967.09108367893 
-37970.31443463283 
-37971.785145661874 
-37972.24446265922 
-37973.94241460773 
-37975.241214400325 
-37976.100476467 
-37977.94912068949 
-37979.094929450686 
-37980.948290125045 
-37982.58637365268 
-37984.55099667609 
-37986.09409332467 
-37988.1229909704 
-37989.15089050919 
-37991.983537753586 
-37993.45938128355 
-37996.52355302389 
-37999.07017058099 
-37999.07017058099 
-37999.07017058099 
-37996.47174650415 
-37997.942479661004 
-38000.71483874751 
-38001.24194154455 
-38001.24194154455 
-38003.20188222979 
-38004.04068966565 
-38004.20826223659 
-38005.9635245382 
-38008.57003356598 
-38007.84372325743 
-38007.26328158935 
-38011.82826072458 
-38011.82826072458 
-38014.22920763905 
-38015.68986295851 
-38017.21961215432 
-38018.937875363845 
-38021.646262472015 
-38023.94923502172 
-38025.79961558629 
-38027.66672408861 
-38029.66034607646 
-38031.4776639953 
-38033.10118765022 
-38033.10118765022 
-38026.38571298595 
-38032.32314365931 
-37966.74217780121 
-38032.72709155845 
-38024.29271497446 
-38033.924334815485 
-38032.98418036683 
-38034.903950997796 
-38034.41461485148 
-38035.950936930756 
-38036.09236894404 
-38036.34672542808 
-38037.483824588526 
-38037.828776732546 
-38038.54075466999 
-38039.02995021248 
-38039.590361827206 
-38040.51293203774 
-38041.13870668676 
-38041.95729413885 
-38041.95729413885 
-38040.463330001694 
-38042.103805177496 
-38041.672906980915 
-38042.17997741963 
-38042.81300907046 
-38042.81300907046 
-38041.97764965549 
-38041.770172103075 
-38041.770172103075 
-38042.05747644481 
-38039.91780694996 
-38042.21585813499 
-38043.428791396866 
-38043.33272417327 
-38044.36807341027 
-38044.74702632724 
-38045.03402341502 
-38045.40532126 
-38045.65762446708 
-38046.42019512134 
-38046.54949509826 
-38047.3853268038 
-38047.80429925981 
-38047.80429925981 
-38045.19310651088 
-38046.69982249375 
-38046.69982249375 
-38047.399766356524 
-38047.7042190645 
-38048.44518167551 
-38048.33070664411 
-38048.951201964934 
-38049.21335274182 
-38049.14949393805 
-38049.84110852191 
-38049.915705309606 
-38050.13837038104 
-38050.00896091753 
-38050.737660108265 
-38051.06009443308 
-38051.43642059385 
-38051.748423266705 
-38052.17082760874 
-38052.62047982125 
-38052.62047982125 
-38052.421776639545 
-38052.68295356201 
-38053.069119916654 
-38053.116204222075 
-38053.63768586224 
-38053.50649833648 
-38054.08520711993 
-38054.220395862 
-38054.64769390895 
-38055.07323371647 
-38055.457015337895 
-38055.94609378736 
-38056.22613375135 
-38056.7627697188 
-38057.10696398511 
-38057.64865039617 
-38057.97096785846 
-38057.97096785846 
-38057.97096785846 
-38054.36526252729 
-38055.82973143762 
-38053.97016137526 
-38055.56405334849 
-38053.17340578008 
-38057.69651516812 
-38052.652124673245 
-38057.78321610192 
-38053.175493862254 
-38058.68703990294 
-38057.415708336994 
-38058.601485005645 
-38059.401525429086 
-38059.46538054489 
-38059.44656729095 
-38059.94301130681 
-38059.819552842935 
-38060.22128703843 
-38059.64836214351 
-38060.28031022282 
-38060.62669952243 
-38060.52276332461 
-38060.93901843865 
-38060.99696911544 
-38061.172761478694 
-38061.57589387559 
-38061.78781082118 
-38061.78781082118 
-38061.20830589734 
-38059.00477736822 
-38060.19969835702 
-38061.330518980045 
-38060.88135104402 
-38061.43513122876 
-38061.22920538947 
-38061.727234079684 
-38061.066463366966 
-38062.37249296258 
-38061.8998967399 
-38062.52744368872 
-38062.29955622211 
-38062.62005459349 
-38062.74790358495 
-38062.757932326254 
-38062.944948102406 
-38063.01717560026 
-38063.05717047599 
-38063.05717047599 
-38062.77603818156 
-38062.72592328728 
-38062.75407056129 
-38063.025375800236 
-38063.025375800236 
-38058.91596484145 
-38059.22214835957 
-38058.72334750076 
-38056.62448423492 
-38062.076533417654 
-38060.526558936624 
-38060.174433000604 
-38061.72734702375 
-38061.88387297383 
-38062.81588576902 
-38063.360383565254 
-38063.360383565254 
-38063.490861156904 
-38062.78314121064 
-38063.50815197097 
-38062.279724627624 
-38062.279724627624 
-38061.973251373405 
-38063.03313989783 
-38062.71365133858 
-38063.695289450116 
-38063.673506458814 
-38063.94363477452 
-38063.919693399126 
-38063.90400915673 
-38064.082733686155 
-38064.17397474079 
-38064.1950821422 
-38064.31856918784 
-38064.32651445693 
-38064.43986442716 
-38064.5162881427 
-38064.548670588585 
-38064.548670588585 
-38064.178339913575 
-38063.47216845347 
-38063.80302494792 
-38064.605088914075 
-38063.799370861736 
-38064.57380571358 
-38064.54210231507 
-38064.67012118361 
-38064.656569970524 
-38064.648493548026 
-38064.82786531609 
-38064.82840491211 
-38064.85450628509 
-38064.90996112858 
-38064.9305370014 
-38064.92153858654 
-38064.99619507324 
-38064.97294703609 
-38065.0223598332 
