-38057.97096785846 
-38054.36526252729 
-38055.82973143762 
-38053.97016137526 
-38055.56405334849 
-38053.17340578008 
-38057.69651516812 
-38052.652124673245 
-38057.78321610192 
-38053.175493862254 
-38058.68703990294 
-38057.415708336994 
-38058.601485005645 
-38059.401525429086 
-38059.46538054489 
-38059.44656729095 
-38059.94301130681 
-38059.819552842935 
-38060.22128703843 
-38059.64836214351 
-38060.28031022282 
-38060.62669952243 
-38060.52276332461 
-38060.93901843865 
-38060.99696911544 
-38061.172761478694 
-38061.57589387559 
-38061.78781082118 
-38061.78781082118 
-38061.20830589734 
-38059.00477736822 
-38060.19969835702 
-38061.330518980045 
-38060.88135104402 
-38061.43513122876 
-38061.22920538947 
-38061.727234079684 
-38061.066463366966 
-38062.37249296258 
-38061.8998967399 
-38062.52744368872 
-38062.29955622211 
-38062.62005459349 
-38062.74790358495 
-38062.757932326254 
-38062.944948102406 
-38063.01717560026 
-38063.05717047599 
-38063.05717047599 
-38062.77603818156 
-38062.72592328728 
-38062.75407056129 
-38063.025375800236 
