-38063.025375800236 
-38058.91596484145 
-38059.22214835957 
-38058.72334750076 
-38056.62448423492 
-38062.076533417654 
-38060.526558936624 
-38060.174433000604 
-38061.72734702375 
-38061.88387297383 
-38062.81588576902 
-38063.360383565254 
-38063.360383565254 
-38063.490861156904 
-38062.78314121064 
-38063.50815197097 
-38062.279724627624 
-38062.279724627624 
-38061.973251373405 
-38063.03313989783 
-38062.71365133858 
-38063.695289450116 
-38063.673506458814 
-38063.94363477452 
-38063.919693399126 
-38063.90400915673 
-38064.082733686155 
-38064.17397474079 
-38064.1950821422 
-38064.31856918784 
-38064.32651445693 
-38064.43986442716 
-38064.5162881427 
-38064.548670588585 
-38064.548670588585 
-38064.178339913575 
-38063.47216845347 
-38063.80302494792 
-38064.605088914075 
-38063.799370861736 
-38064.57380571358 
-38064.54210231507 
-38064.67012118361 
-38064.656569970524 
-38064.648493548026 
-38064.82786531609 
-38064.82840491211 
-38064.85450628509 
-38064.90996112858 
-38064.9305370014 
-38064.92153858654 
-38064.99619507324 
-38064.97294703609 
-38065.0223598332 
