-37278.77862625613 
-37604.269282190915 
-37779.16504245683 
-37826.081201368215 
-37846.28399850888 
-37857.71651558496 
-37861.86983666001 
-37870.43333112743 
-37874.57032832789 
-37882.32676808456 
-37885.950101218 
-37885.950101218 
-37880.13059106146 
-37892.30041643186 
-37821.53072816916 
-37882.70923263991 
-37849.02684024074 
-37888.18262963355 
-37900.833158766385 
-37906.870964672606 
-37915.79822015853 
-37923.0999556456 
-37929.63525295099 
-37935.59398902361 
-37941.30883852684 
-37946.78551550827 
-37951.890627958455 
-37956.596053727626 
-37961.28675919741 
-37964.46814290346 
-37964.46814290346 
-37961.77803129719 
-37966.422746866476 
-37968.54255595456 
-37967.09108367893 
-37970.31443463283 
-37971.785145661874 
-37972.24446265922 
-37973.94241460773 
-37975.241214400325 
-37976.100476467 
-37977.94912068949 
-37979.094929450686 
-37980.948290125045 
-37982.58637365268 
-37984.55099667609 
-37986.09409332467 
-37988.1229909704 
-37989.15089050919 
-37991.983537753586 
-37993.45938128355 
-37996.52355302389 
-37999.07017058099 
-37999.07017058099 
