-38041.770172103075 
-38042.05747644481 
-38039.91780694996 
-38042.21585813499 
-38043.428791396866 
-38043.33272417327 
-38044.36807341027 
-38044.74702632724 
-38045.03402341502 
-38045.40532126 
-38045.65762446708 
-38046.42019512134 
-38046.54949509826 
-38047.3853268038 
-38047.80429925981 
-38047.80429925981 
-38045.19310651088 
-38046.69982249375 
-38046.69982249375 
-38047.399766356524 
-38047.7042190645 
-38048.44518167551 
-38048.33070664411 
-38048.951201964934 
-38049.21335274182 
-38049.14949393805 
-38049.84110852191 
-38049.915705309606 
-38050.13837038104 
-38050.00896091753 
-38050.737660108265 
-38051.06009443308 
-38051.43642059385 
-38051.748423266705 
-38052.17082760874 
-38052.62047982125 
-38052.62047982125 
-38052.421776639545 
-38052.68295356201 
-38053.069119916654 
-38053.116204222075 
-38053.63768586224 
-38053.50649833648 
-38054.08520711993 
-38054.220395862 
-38054.64769390895 
-38055.07323371647 
-38055.457015337895 
-38055.94609378736 
-38056.22613375135 
-38056.7627697188 
-38057.10696398511 
-38057.64865039617 
-38057.97096785846 
-38057.97096785846 
