-34412.87109375
-34367.796875
-34745.32421875
-34789.65234375
-34781.5859375
-34814.71875
-34846.58984375
-34875.171875
-34901.26171875
-34927.546875
-34951.46875
-34973.3828125
-34991.328125
-35004.71875
-35016.578125
-35026.61328125
-35034.24609375
-35041.01171875
-35049.15234375
-35059.0390625
-35068.015625
-35073.26953125
-35075.6953125
-35078.171875
-35081.8828125
-35086.0
-35089.74609375
-35092.59765625
-35094.890625
-35097.0703125
-35099.234375
-35101.4296875
-35103.65625
-35105.70703125
-35107.37890625
-35108.859375
-35110.32421875
-35111.67578125
-35112.8203125
-35113.71484375
-35114.5703125
-35115.40625
-35116.3828125
-35117.51953125
-35118.640625
-35119.43359375
-35119.98828125
-35120.4609375
-35121.09765625
-35122.1796875
