-35146.30078125
-34682.2890625
-35067.33203125
-35016.828125
-34927.109375
-34968.44140625
-35040.88671875
-35078.66015625
-35080.54296875
-35068.7578125
-35065.76953125
-35078.65625
-35097.609375
-35109.11328125
-35110.5390625
-35109.56640625
-35111.49609375
-35116.08203125
-35121.421875
-35124.9296875
-35126.24609375
-35127.55859375
-35130.23046875
-35133.515625
-35136.046875
-35137.1796875
-35137.4375
-35138.08984375
-35139.58984375
-35141.359375
-35142.703125
-35143.58203125
-35144.2734375
-35144.82421875
-35145.24609375
-35145.7734375
-35146.48046875
-35147.26171875
-35147.90234375
-35148.19921875
-35148.31640625
-35148.59375
-35149.01171875
-35149.38671875
-35149.66796875
-35149.9296875
-35150.1640625
-35150.34375
-35150.46875
-35150.59375
