-35150.58984375
-34622.23828125
-35052.546875
-35014.0
-34918.2265625
-34938.73046875
-35008.34375
-35060.52734375
-35074.63671875
-35064.375
-35056.2421875
-35068.33203125
-35092.27734375
-35108.37109375
-35110.19140625
-35105.58203125
-35104.40625
-35109.76171875
-35118.2265625
-35125.2734375
-35128.59375
-35128.8671875
-35128.6875
-35130.234375
-35133.38671875
-35136.6953125
-35138.984375
-35139.984375
-35140.30078125
-35140.8515625
-35142.0625
-35143.69921875
-35145.09765625
-35145.9140625
-35146.4140625
-35146.72265625
-35147.125
-35147.921875
-35148.88671875
-35149.55078125
-35149.71484375
-35149.6875
-35149.9296875
-35150.48046875
-35151.0390625
-35151.33203125
-35151.41796875
-35151.4609375
-35151.6171875
-35151.8984375
