-35122.17578125
-34649.6796875
-35044.71484375
-34975.51953125
-34913.171875
-34955.6875
-35011.76953125
-35042.4453125
-35047.19140625
-35043.8828125
-35047.78515625
-35061.83203125
-35077.46484375
-35087.2890625
-35090.4765625
-35089.90625
-35090.12890625
-35094.03125
-35100.609375
-35106.4921875
-35109.54296875
-35110.671875
-35112.00390625
-35114.08984375
-35116.1875
-35118.046875
-35120.10546875
-35122.14453125
-35123.421875
-35123.75390625
-35124.30078125
-35125.64453125
-35127.27734375
-35128.28515625
-35128.65234375
-35129.06640625
-35129.90234375
-35130.85546875
-35131.59375
-35132.09375
-35132.53515625
-35133.015625
-35133.5390625
-35134.08203125
-35134.5703125
-35135.0
-35135.40625
-35135.83984375
-35136.22265625
-35136.5078125
