-35136.5
-34639.98828125
-35055.1015625
-35002.70703125
-34910.37109375
-34948.1015625
-35021.6484375
-35059.953125
-35060.6484375
-35051.94140625
-35052.28125
-35065.8203125
-35083.85546875
-35094.66796875
-35097.25
-35097.43359375
-35099.25
-35103.484375
-35108.67578125
-35113.37890625
-35117.0390625
-35119.34375
-35120.60546875
-35122.05078125
-35124.1640625
-35126.546875
-35128.54296875
-35129.6953125
-35130.421875
-35131.41796875
-35132.80078125
-35134.171875
-35135.1875
-35135.96484375
-35136.66015625
-35137.3515625
-35138.1796875
-35139.1015625
-35139.9140625
-35140.6640625
-35141.44140625
-35142.1640625
-35142.890625
-35143.70703125
-35144.5234375
-35145.09765625
-35145.3671875
-35145.55078125
-35145.875
-35146.30078125
