-1575.85254196
-1574.60823061
-1576.38932398
-1576.39233724
-1576.59743288
-1576.67881923
-1576.94541031
-1576.94542458
-1577.01354088
-1577.02664984
-1577.08509301
-1577.08734835
-1577.11658991
-1577.11686810
-1577.12919507
-1577.12958156
-1577.13997750
-1577.13989202
-1577.14958896
-1577.15300018
-1577.15706412
-1577.15781017
-1577.16062744
-1577.16678542
-1577.16892971
-1577.16973140
-1577.17316572
-1577.17926657
-1577.17238861
-1577.17990112
-1577.18134397
-1577.18202415
-1577.18211904
-1577.18209487
-1577.18213031
-1577.18302096
-1577.18378096
-1577.18450509
-1577.18624890
-1577.18777873
-1577.18879843
-1577.18961634
-1577.19049094
-1577.19078769
-1577.19161855
-1577.19272588
-1577.19338326
-1577.19410478
-1577.24825143
-1577.24588365
-1577.25045244
-1577.25136546
-1577.25139583
-1577.25138565
-1577.25138142
-1577.25235751
-1577.25243418
-1577.25337982
-1577.25386740
-1577.25437459
-1577.25486993
-1577.25489619
-1577.25501949
-1577.25505425
-1577.25503174
-1577.25503290
-1577.25504602
-1577.25504637
-1577.25583085
-1577.25667458
-1577.25684331
-1577.25700684
-1577.25699365
-1577.25701431
-1577.25806171
-1577.25840732
-1577.25847092
-1577.25843474
-1577.25847840
-1577.25919516
-1577.25966342
-1577.26034376
-1577.26177442
-1577.26184497
-1577.26227053
-1577.26208270
-1577.26228218
-1577.26251562
-1577.26261897
-1577.26279225
-1577.26313837
-1577.26376802
-1577.26475388
-1577.26555800
-1577.26742512
-1577.26928469
-1577.26947284
-1577.27156473
-1577.27303770
-1577.27508887
-1577.27628332
-1577.27837798
-1577.27879111
-1577.28026523
-1577.28049224
-1577.28193229
-1577.28371373
-1577.28523247
-1577.28686821
-1577.28710271
-1577.28916645
-1577.29087207
-1577.29314549
-1577.29474105
-1577.29471267
-1577.29523493
-1577.29747018
-1577.29933185
-1577.29833254
-1577.29975663
-1577.30180246
-1577.30461764
-1577.30610152
-1577.30619723
-1577.30988088
-1577.31194506
-1577.31466910
-1577.31723851
-1577.31730783
-1577.31733413
-1577.32142319
-1577.32371853
-1577.32407767
-1577.32903519
-1577.33143454
-1577.32981373
-1577.33178280
-1577.33707531
-1577.33881669
-1577.34454180
-1577.34628428
-1577.35079895
-1577.35141713
-1577.35612341
-1577.35697378
-1577.36218157
-1577.36316504
-1577.36560573
-1577.36696220
-1577.36701964
-1577.37008170
-1577.37152114
-1577.37168620
-1577.37472956
-1577.37577850
-1577.37830569
-1577.37952186
-1577.38188885
-1577.38309744
-1577.38550478
-1577.38632146
-1577.38870430
-1577.38984575
-1577.39244160
-1577.39359283
-1577.39578084
-1577.39597869
-1577.39774122
-1577.39967326
-1577.40114443
-1577.40339028
-1577.40553887
-1577.40842025
-1577.40844399
-1577.41013994
-1577.41214694
-1577.41421135
-1577.41569347
-1577.41581077
-1577.41734947
-1577.41772746
-1577.41923479
-1577.41978486
-1577.42118013
-1577.42166474
-1577.42289032
-1577.42395873
-1577.42538434
-1577.42654781
-1577.42775983
-1577.42952898
-1577.43134561
-1577.43393176
-1577.43433657
-1577.43636444
-1577.43848377
-1577.44092677
-1577.44317230
-1577.44137783
-1577.44347434
-1577.44532899
-1577.44696668
-1577.44845198
-1577.45154297
-1577.45451842
-1577.45454500
-1577.45459056
-1577.45823683
-1577.46165799
-1577.46593121
-1577.46706590
-1577.46808656
-1577.47170524
-1577.47319362
-1577.47681192
-1577.47776202
-1577.48107612
-1577.48162695
-1577.48425967
-1577.48451638
-1577.48456035
-1577.48454131
-1577.48452872
-1577.48453964
-1577.48453959
-1577.48705605
-1577.48811064
-1577.49042410
-1577.49058131
-1577.49170013
-1577.49186777
-1577.49246850
-1577.49336726
-1577.49441852
-1577.49484802
-1577.49541045
-1577.49556808
-1577.49554566
-1577.49558563
-1577.49603503
-1577.49638445
-1577.49689184
-1577.49745841
-1577.49778370
-1577.49853509
-1577.49908486
-1577.49901738
-1577.49907664
-1577.49934302
-1577.50005394
-1577.50107659
-1577.50172746
-1577.50225083
-1577.50210244
-1577.50241149
-1577.50232835
-1577.50239286
-1577.50237935
-1577.50239020
-1577.50274599
-1577.50279989
-1577.50286418
-1577.50295592
-1577.50328457
-1577.50340560
-1577.50349336
-1577.50346212
-1577.50350149
-1577.50371551
-1577.50381615
-1577.50393888
-1577.50389742
-1577.50394531
-1577.50414384
-1577.50423914
-1577.50431628
-1577.50428736
-1577.50432388
-1577.50446078
-1577.50453679
-1577.50464936
-1577.50484026
-1577.50495756
-1577.50507910
-1577.50519711
-1577.50531930
-1577.50551340
-1577.50572693
-1577.50565935
-1577.50574235
-1577.50570646
-1577.50571607
-1577.50595038
-1577.50613964
-1577.50648011
-1577.50697274
-1577.50724156
-1577.50719083
-1577.50725694
-1577.50722344
-1577.50723550
-1577.50723742
-1577.50723922
-1577.50754639
-1577.50824312
-1577.50867664
-1577.50909775
-1577.50941022
-1577.50993412
-1577.51067446
-1577.51025444
-1577.51079520
-1577.51158975
-1577.51181803
-1577.51209011
-1577.51268032
-1577.51314504
-1577.51379497
-1577.51460777
-1577.51512829
-1577.51583401
-1577.51560480
-1577.51597883
-1577.51597207
-1577.51600640
-1577.51598913
-1577.51599781
-1577.51600183
-1577.51600088
-1577.51637159
-1577.51654907
-1577.51679871
-1577.51707519
-1577.51718667
-1577.51722697
-1577.51721668
-1577.51724112
-1577.51744609
-1577.51760352
-1577.51775554
-1577.51807068
-1577.51814576
-1577.51823266
-1577.51839006
-1577.51840716
-1577.51843310
-1577.51857303
-1577.51862737
-1577.51871407
-1577.51869209
-1577.51871564
-1577.51871734
-1577.51871777
-1577.51871791
-1577.51871795
-1577.51871795
-1577.51871795
-1577.51871796
-1577.51871796
-1577.51871795
-1577.51871796
-1577.51871795
-1577.51842785
