-1576.68936113
-1576.69139912
-1576.69143008
-1576.69142746
-1576.69141734
-1576.69302519
-1576.69448725
-1576.69501353
-1576.69512498
-1576.69518180
-1576.69616918
-1576.69862135
-1576.70143062
-1576.69743113
-1576.70155189
-1576.70375925
-1576.70558929
-1576.70593109
-1576.70859037
-1576.71161508
-1576.71342830
-1576.71668440
-1576.71326191
-1576.71713925
-1576.71871056
-1576.72001539
-1576.72217886
-1576.72438590
-1576.72544418
-1576.72791673
-1576.72993409
-1576.73189711
-1576.73352007
-1576.73546010
-1576.73677674
-1576.73819258
-1576.73949977
-1576.74113060
-1576.74214994
-1576.74369792
-1576.74527076
-1576.74743171
-1576.74886413
-1576.74897064
-1576.75000296
-1576.75172420
-1576.75376133
-1576.75235960
-1576.75413651
-1576.75783655
-1576.76089772
-1576.76066883
-1576.76194080
-1576.76616775
-1576.76822674
-1576.77227367
-1576.77483313
-1576.77494853
-1576.78020242
-1576.78168511
-1576.78584354
-1576.78662547
-1576.79060051
-1576.79169720
-1576.79560891
-1576.79574000
-1576.80079928
-1576.80182781
-1576.80217822
-1576.80440924
-1576.80616537
-1576.80760899
-1576.81228362
-1576.81399692
-1576.81600414
-1576.81324481
-1576.81616324
-1576.82084551
-1576.82389605
-1576.82810458
-1576.82956044
-1576.83283433
-1576.83399837
-1576.83875253
-1576.84055896
-1576.84465810
-1576.84534392
-1576.84817230
-1576.84844259
-1576.85094054
-1576.85149898
-1576.85370108
-1576.85493173
-1576.85746978
-1576.85835687
-1576.86030222
-1576.86311024
-1576.86535048
-1576.86833435
-1576.86484747
-1576.86862169
-1576.87131903
-1576.87318006
-1576.87336374
-1576.87388603
-1576.87795712
-1576.88055843
-1576.88505231
-1576.88647991
-1576.88907642
-1576.89181282
-1576.89058249
-1576.89231986
-1576.89635540
-1576.89748538
-1576.90078005
-1576.90193260
-1576.90459944
-1576.90661024
-1576.90533829
-1576.90690684
-1576.91143185
-1576.91265200
-1576.91550853
-1576.91588767
-1576.91833299
-1576.92081622
-1576.92365886
-1576.92662239
-1576.93019496
-1576.93238156
-1576.93246354
-1576.93544421
-1576.93682171
-1576.94025667
-1576.94084877
-1576.94328149
-1576.94406527
-1576.94599956
-1576.94674455
-1576.94893729
-1576.94965411
-1576.95156999
-1576.95269330
-1576.95495026
-1576.95606294
-1576.95852445
-1576.95895905
-1576.96082437
-1576.96131359
-1576.96316708
-1576.96446267
-1576.96570731
-1576.96804124
-1576.96712345
-1576.96855552
-1576.97018610
-1576.97278837
-1576.97334698
-1576.97390434
-1576.97616701
-1576.98121409
-1576.98229671
-1576.98328244
-1576.98708561
-1576.99330189
-1576.99783196
-1577.00214282
-1577.00234097
-1577.00623286
-1577.01082418
-1577.01696218
-1577.01923260
-1577.01993664
-1577.02024137
-1577.02585227
-1577.02701430
-1577.02639580
-1577.02717635
-1577.03409298
-1577.03634883
-1577.04509141
-1577.04635753
-1577.04672881
-1577.04694250
-1577.04692068
-1577.05193814
-1577.05294364
-1577.05404794
-1577.06199201
-1577.06372087
-1577.07059348
-1577.07182025
-1577.07178428
-1577.07222892
-1577.07857567
-1577.07988026
-1577.08648011
-1577.08670906
-1577.09173694
-1577.09222888
-1577.09763919
-1577.09835259
-1577.10118982
-1577.10356424
-1577.10385693
-1577.10922013
-1577.11175637
-1577.11674443
-1577.11817843
-1577.12183909
-1577.12312279
-1577.12337768
-1577.12803364
-1577.12896655
-1577.13281348
-1577.13410735
-1577.13297985
-1577.13438380
-1577.13745563
-1577.13971525
-1577.13696408
-1577.13991665
-1577.14392703
-1577.14558449
-1577.14979959
-1577.15155581
-1577.15465096
-1577.15806037
-1577.15612655
-1577.15866254
-1577.16346217
-1577.16545657
-1577.16557374
-1577.17020444
-1577.17171948
-1577.17553406
-1577.17902758
-1577.18446700
-1577.18704549
-1577.18961847
-1577.19439618
-1577.19564670
-1577.20048775
-1577.20243130
-1577.20324653
-1577.20781690
-1577.20909411
-1577.21382006
-1577.21490373
-1577.21947049
-1577.22079000
-1577.22116057
-1577.22574632
-1577.22755750
-1577.23340776
-1577.23543240
-1577.24115651
-1577.24430953
-1577.24968209
-1577.25082007
-1577.25128346
-1577.25451026
-1577.26011287
-1577.26685865
-1577.27104184
-1577.27636262
-1577.27781837
-1577.28147689
-1577.28183782
-1577.28462266
-1577.28556071
-1577.28774461
-1577.28812722
-1577.29023848
-1577.29096494
-1577.29320063
-1577.29453615
-1577.29656220
-1577.29946339
-1577.29720370
-1577.29986194
-1577.30179353
-1577.30444781
-1577.30524258
-1577.30564009
-1577.30918759
-1577.31269752
-1577.31297892
-1577.31701867
-1577.32215853
-1577.32737150
-1577.32844389
-1577.32927425
-1577.33467306
-1577.33735343
-1577.34309026
-1577.34402695
-1577.34848729
-1577.34904517
-1577.34903748
-1577.35470129
-1577.35624374
-1577.36209615
-1577.36344755
-1577.36894829
-1577.36999962
-1577.37389203
-1577.37402826
-1577.37680219
-1577.37820543
-1577.37862275
-1577.38243139
-1577.38559432
-1577.38390652
-1577.38622620
-1577.39058045
-1577.39255420
-1577.39279525
-1577.39694537
-1577.39786101
-1577.40140824
-1577.40375266
-1577.40798066
-1577.40878155
-1577.41241840
-1577.41314525
-1577.41553108
-1577.41785892
-1577.41722702
-1577.41839987
-1577.42298459
-1577.42446833
-1577.42458188
-1577.42456073
-1577.42458081
-1577.42458998
-1577.42459337
-1577.42700228
-1577.42757258
-1577.42955322
