-427201.596991185
-427140.7710367825
-427193.9324375267
-427183.31614861067
-427179.4357343768
-427187.24381595105
-427190.06599363865
-427190.8905741742
-427194.2768160154
-427198.17623852316
-427200.91946210584
-427201.9451205915
-427200.8871251443
-427199.6859564048
-427200.790922572
-427203.45645013906
-427205.20292618463
-427205.2999142756
-427204.9758722825
-427205.2780735023
-427206.0406143813
-427206.6341226546
-427206.83440591925
-427207.03669331426
-427207.46955005423
-427207.7931757752
-427207.79648995097
-427207.8076102029
-427208.1273450964
-427208.59497668914
-427208.866019202
-427208.82289799186
-427208.671158253
-427208.65500478906
-427208.8108375225
-427209.0707697023
-427209.3271569831
-427209.42823741137
-427209.3241948857
-427209.18800500385
-427209.23069049604
-427209.44343607686
-427209.62888387125
-427209.6457080587
-427209.57141307835
-427209.55440246005
-427209.6061355548
-427209.6580973974
-427209.70588334947
-427209.7559337973
