20.650758743286133
91.80998229980469
30.73732566833496
40.488616943359375
48.96444320678711
37.37232208251953
28.080394744873047
27.110050201416016
28.203187942504883
27.433218002319336
25.661386489868164
23.83179473876953
22.106611251831055
20.643896102905273
19.943391799926758
20.035400390625
19.986234664916992
19.049055099487305
17.665435791015625
16.839963912963867
16.82454490661621
16.962635040283203
16.674049377441406
16.05755615234375
15.523991584777832
15.231619834899902
15.097344398498535
15.061155319213867
15.021520614624023
14.82664966583252
14.472146987915039
14.15198802947998
14.082762718200684
14.224532127380371
14.272292137145996
14.050600051879883
13.751138687133789
13.635665893554688
13.710108757019043
13.767971992492676
13.675848960876465
13.517156600952148
13.42947769165039
13.429723739624023
13.440313339233398
13.407048225402832
13.335565567016602
13.266297340393066
13.243509292602539
13.262497901916504
13.255752563476562
13.191548347473145
13.135737419128418
13.148285865783691
13.176532745361328
13.142221450805664
13.077272415161133
13.06670093536377
13.102628707885742
13.105644226074219
13.063233375549316
13.033686637878418
13.03915786743164
13.048095703125
13.040779113769531
13.028334617614746
13.016790390014648
13.006868362426758
13.006330490112305
13.01041316986084
13.003480911254883
12.989018440246582
12.98483943939209
12.989394187927246
12.988009452819824
12.9796781539917
12.973645210266113
12.97238540649414
12.972759246826172
12.97165298461914
12.967448234558105
12.962309837341309
12.961194038391113
12.962876319885254
12.96123218536377
12.956563949584961
12.954516410827637
12.955382347106934
12.954832077026367
12.952234268188477
12.950472831726074
12.949936866760254
12.949725151062012
12.948563575744629
12.946839332580566
12.945898056030273
12.945554733276367
12.944608688354492
12.943399429321289
12.942682266235352
