17895.265625
15477.1220703125
14396.431640625
13613.4951171875
12949.017578125
12319.716796875
11839.134765625
11490.98046875
11225.560546875
11018.103515625
10851.03515625
10695.693359375
10529.5478515625
10360.474609375
10202.2109375
10062.59375
9941.9296875
9833.603515625
9729.845703125
9627.833984375
9529.796875
9439.18359375
9357.9404296875
9285.8173828125
9221.96875
9164.140625
9109.0654296875
9054.7177734375
9000.49609375
8946.3359375
8893.16015625
8841.9951171875
8792.6728515625
8744.724609375
8698.083984375
8652.8916015625
8609.3974609375
8567.720703125
8527.5966796875
8488.9765625
8452.037109375
8416.765625
8382.84375
8349.6318359375
8316.7451171875
8284.4521484375
8253.388671875
8224.1357421875
8196.8935546875
8171.32568359375
8146.7373046875
8122.48193359375
8098.26171875
8074.2529296875
8050.716796875
8027.701171875
8005.1923828125
7983.146484375
7961.755859375
7941.25
7921.72119140625
7903.0322265625
7885.05224609375
7867.73046875
7851.076171875
7835.0048828125
7819.3984375
7804.091796875
7788.8828125
7773.6875
7758.45703125
7743.23388671875
7728.10595703125
7713.1923828125
7698.576171875
7684.2421875
7670.1826171875
7656.3359375
7642.578125
7628.783203125
7614.86572265625
7600.828125
7586.69287109375
7572.4833984375
7558.26611328125
7544.10791015625
7530.0751953125
7516.20654296875
7502.529296875
7489.0185546875
7475.65234375
7462.42333984375
7449.330078125
7436.36376953125
7423.54345703125
7410.85205078125
7398.228515625
7385.62890625
7372.9951171875
7360.23486328125
7347.2646484375
7334.0087890625
7320.3916015625
7306.4013671875
7292.05224609375
7277.42724609375
7262.6591796875
7247.9130859375
7233.4248046875
7219.478515625
7206.47998046875
7194.79052734375
7184.5751953125
7175.69873046875
7167.79638671875
7160.302734375
7152.7685546875
7145.0703125
7137.31494140625
7129.6171875
7122.06201171875
7114.68212890625
7107.46435546875
7100.4140625
7093.5361328125
7086.81884765625
7080.232421875
7073.86376953125
7067.7900390625
7061.99072265625
7056.466796875
7051.2412109375
7046.30615234375
7041.6708984375
7037.26806640625
7033.0107421875
7028.7421875
7024.35791015625
7019.82275390625
7015.2314453125
7010.669921875
7006.189453125
7001.80322265625
6997.49609375
6993.2294921875
6988.962890625
6984.6884765625
6980.40185546875
6976.12890625
6971.8916015625
6967.68505859375
6963.52734375
6959.416015625
6955.328125
6951.2529296875
6947.185546875
6943.134765625
6939.10791015625
6935.11962890625
6931.16015625
6927.2314453125
6923.3369140625
6919.4677734375
6915.63232421875
6911.84375
6908.0908203125
6904.40380859375
6900.7607421875
6897.18408203125
6893.6748046875
6890.2197265625
6886.84130859375
6883.52099609375
6880.2783203125
6877.10595703125
6874.01904296875
6871.02197265625
6868.11474609375
6865.3056640625
6862.61669921875
6860.03564453125
6857.5400390625
6855.09375
6852.70263671875
6850.431640625
6848.28125
6846.21484375
6844.16748046875
6842.16650390625
6840.24658203125
6838.396484375
6836.564453125
6834.74072265625
6832.955078125
6831.22216796875
6829.5244140625
6827.83203125
6826.15283203125
6824.4912109375
6822.86328125
