6822.86328125
7056.9609375
6955.7529296875
6937.44677734375
6923.5947265625
6877.12841796875
6831.22021484375
6816.0029296875
6814.9951171875
6801.791015625
6780.25634765625
6761.04833984375
6750.9169921875
6744.48828125
6735.74267578125
6725.34423828125
6715.61328125
6705.75390625
6696.21142578125
6691.06884765625
6687.98046875
6684.005859375
6678.87890625
6672.8798828125
6667.92333984375
6664.14404296875
6660.919921875
6657.951171875
6654.42529296875
6649.71484375
6644.869140625
6641.05810546875
6637.86669921875
6634.43359375
6630.8896484375
6627.51611328125
6623.8642578125
6619.7177734375
6614.87158203125
6609.25927734375
6603.4072265625
6597.92724609375
6592.89111328125
6587.8017578125
6582.423828125
6576.91650390625
6571.06103515625
6564.40673828125
6556.49853515625
6547.20556640625
6537.0634765625
6526.95068359375
6518.32373046875
6517.798828125
6515.244140625
6503.96484375
6497.6259765625
6493.89208984375
6490.27587890625
6486.12109375
6481.8212890625
6477.7724609375
6474.07568359375
6470.72998046875
6467.2099609375
6462.28271484375
6456.4296875
6450.86962890625
6445.27685546875
6438.30029296875
6430.3017578125
6424.39501953125
6423.73828125
6418.27294921875
6416.32421875
6414.77783203125
6413.3173828125
6412.6552734375
6410.97314453125
6408.50634765625
6407.34375
6404.70458984375
6401.994140625
6399.62939453125
6396.38427734375
6394.1982421875
6392.13916015625
6390.26708984375
6388.9765625
6387.59814453125
6386.2763671875
6385.07958984375
6383.72265625
6382.4580078125
6381.58251953125
6380.77490234375
6379.8603515625
6379.03857421875
6378.31982421875
6377.50439453125
6376.525390625
6375.4892578125
6374.474609375
6373.46923828125
6372.3828125
6371.22802734375
6370.080078125
6368.97509765625
6367.90185546875
6366.830078125
6365.71044921875
6364.5546875
6363.36328125
6362.1552734375
6360.97412109375
6359.759765625
6358.4619140625
6357.1083984375
6355.71923828125
6354.205078125
6352.56884765625
6350.8779296875
6349.263671875
6347.85498046875
6346.78759765625
6346.09228515625
6345.5498046875
6344.90283203125
6344.13330078125
6343.232421875
6342.28857421875
6341.404296875
6340.6455078125
6340.0283203125
6339.45947265625
6338.89892578125
6338.35205078125
6337.84716796875
6337.349609375
6336.837890625
6336.29296875
6335.708984375
6335.0517578125
6334.3681640625
6333.66015625
6332.9248046875
6332.13427734375
6331.30126953125
6330.478515625
6329.6552734375
6328.8447265625
6328.0439453125
6327.2255859375
6326.3994140625
6325.546875
6324.677734375
6323.75341796875
6322.7060546875
6321.44287109375
6319.7783203125
6317.66650390625
6315.50830078125
6313.88525390625
6312.876953125
6312.01171875
6310.8818359375
6310.13720703125
6309.41552734375
6308.2802734375
6307.40185546875
6306.708984375
6305.857421875
6305.04248046875
6304.37548828125
6303.5244140625
6302.63916015625
6301.9111328125
6301.26416015625
6300.6455078125
6299.9599609375
6299.27294921875
6298.68359375
6298.197265625
6297.79541015625
6297.46875
6297.21630859375
6296.98388671875
6296.65087890625
6296.2216796875
6295.802734375
6295.4482421875
6295.09716796875
6294.7607421875
6294.4853515625
6294.26513671875
6294.03662109375
6293.81982421875
6293.60693359375
6293.3935546875
6293.169921875
