6273.3193359375
6588.03857421875
6415.2998046875
6437.91064453125
6451.5107421875
6397.66552734375
6350.1650390625
6343.642578125
6353.27197265625
6353.6005859375
6340.3251953125
6321.95703125
6310.2275390625
6309.79931640625
6312.97802734375
6310.19873046875
6302.57470703125
6296.5126953125
6293.89794921875
6292.3583984375
6290.5234375
6288.8408203125
6287.45947265625
6285.318359375
6282.3544921875
6280.3447265625
6279.7890625
6279.42822265625
6278.5078125
6277.033203125
6275.345703125
6274.1640625
6273.861328125
6273.70361328125
6272.7587890625
6271.37158203125
6270.48583984375
6270.27734375
6270.078125
6269.43603515625
6268.5185546875
6267.8408203125
6267.681640625
6267.66455078125
6267.23583984375
6266.5107421875
6266.0361328125
6265.94384765625
6265.85400390625
6265.537109375
6265.0625
6264.71240234375
6264.58251953125
6264.42236328125
6264.1103515625
6263.79150390625
6263.57666015625
6263.4365234375
6263.267578125
6263.02099609375
6262.80712890625
6262.67333984375
6262.5634765625
6262.4169921875
6262.24072265625
6262.111328125
6262.017578125
6261.88818359375
6261.7490234375
6261.63427734375
6261.51953125
6261.39208984375
6261.25244140625
6261.12646484375
6261.0107421875
6260.87841796875
6260.7470703125
6260.63916015625
6260.537109375
6260.4345703125
6260.34814453125
6260.27880859375
6260.20849609375
6260.14794921875
6260.1005859375
6260.052734375
6260.0166015625
6259.98583984375
6259.95654296875
6259.9296875
6259.8994140625
6259.86767578125
6259.84619140625
6259.8212890625
6259.79345703125
6259.77001953125
6259.73828125
6259.7177734375
6259.68994140625
6259.666015625
6259.64599609375
6259.62744140625
6259.60302734375
6259.58544921875
6259.56396484375
6259.53857421875
6259.51806640625
6259.498046875
6259.4775390625
6259.45458984375
6259.4345703125
6259.41455078125
6259.39892578125
6259.38232421875
6259.36767578125
6259.35400390625
6259.34375
6259.3388671875
6259.33203125
6259.3232421875
6259.318359375
6259.3095703125
6259.30224609375
6259.2978515625
6259.29150390625
6259.287109375
6259.2822265625
6259.28369140625
6259.2978515625
6259.32958984375
6259.3935546875
6259.4560546875
6259.416015625
6259.2822265625
6259.25341796875
6259.33203125
6259.33544921875
6259.248046875
6259.2421875
6259.29638671875
6259.26904296875
6259.22314453125
6259.24609375
6259.263671875
6259.22705078125
6259.21484375
6259.23974609375
6259.2333984375
6259.20849609375
6259.21484375
6259.224609375
6259.20703125
6259.197265625
6259.21240234375
6259.20849609375
6259.19384765625
6259.197265625
6259.205078125
6259.1953125
6259.1904296875
6259.19482421875
6259.19384765625
6259.18798828125
6259.18798828125
6259.18994140625
6259.1875
6259.181640625
6259.1806640625
6259.18017578125
6259.177734375
6259.171875
6259.17138671875
6259.1728515625
6259.17236328125
6259.169921875
6259.1689453125
6259.1708984375
6259.16796875
6259.16748046875
6259.16650390625
6259.1669921875
6259.166015625
6259.166015625
6259.16455078125
6259.16259765625
6259.1630859375
6259.1640625
6259.1630859375
6259.162109375
6259.16552734375
6259.16650390625
6259.1650390625
6259.1650390625
6259.16455078125
6259.1650390625
6259.1640625
6259.16552734375
6259.16455078125
6259.16455078125
6259.16455078125
