6293.169921875
6746.130859375
6445.58544921875
6470.22705078125
6511.44091796875
6460.05908203125
6402.36572265625
6376.91015625
6378.70703125
6386.30419921875
6381.69140625
6364.044921875
6345.99365234375
6338.18798828125
6338.7021484375
6338.888671875
6334.0361328125
6326.224609375
6320.2529296875
6318.0185546875
6317.1376953125
6314.5986328125
6310.89404296875
6308.51171875
6307.96337890625
6307.2001953125
6304.798828125
6302.1064453125
6300.74658203125
6300.2939453125
6299.603515625
6298.4140625
6297.15380859375
6296.2685546875
6295.69873046875
6295.255859375
6294.771484375
6294.037109375
6293.22802734375
6292.751953125
6292.6064453125
6292.48388671875
6292.09814453125
6291.43359375
6290.88916015625
6290.830078125
6290.92919921875
6290.7021484375
6290.21826171875
6289.86083984375
6289.783203125
6289.798828125
6289.6611328125
6289.35009765625
6289.1005859375
6289.02978515625
6289.00390625
6288.89013671875
6288.7275390625
6288.58056640625
6288.48095703125
6288.40185546875
6288.3056640625
6288.193359375
6288.076171875
6287.9609375
6287.853515625
6287.74267578125
6287.62255859375
6287.48486328125
6287.322265625
6287.138671875
6286.9462890625
6286.732421875
6286.4697265625
6286.171875
6285.85205078125
6285.52197265625
6285.19189453125
6284.87744140625
6284.6142578125
6284.4248046875
6284.318359375
6284.248046875
6284.154296875
6284.0390625
6283.9326171875
6283.84375
6283.7607421875
6283.669921875
6283.56787109375
6283.4697265625
6283.38427734375
6283.3017578125
6283.2255859375
6283.16064453125
6283.09228515625
6283.01171875
6282.92626953125
6282.84033203125
6282.76123046875
6282.68408203125
6282.6044921875
6282.5263671875
6282.44287109375
6282.36083984375
6282.27880859375
6282.19384765625
6282.1083984375
6282.0283203125
6281.94921875
6281.87841796875
6281.80126953125
6281.73193359375
6281.650390625
6281.5732421875
6281.50048828125
6281.4228515625
6281.34423828125
6281.267578125
6281.185546875
6281.107421875
6281.0361328125
6280.96875
6280.85205078125
6280.6728515625
6280.52001953125
6280.419921875
6280.2841796875
6280.11474609375
6279.9921875
6279.8974609375
6279.77099609375
6279.64599609375
6279.5576171875
6279.458984375
6279.34326171875
6279.24169921875
6279.14453125
6279.0302734375
6278.912109375
6278.810546875
6278.70556640625
6278.591796875
6278.48388671875
6278.3779296875
6278.263671875
6278.14013671875
6278.0302734375
6277.9189453125
6277.79638671875
6277.67919921875
6277.5576171875
6277.4365234375
6277.31298828125
6277.18896484375
6277.0654296875
6276.9384765625
6276.81201171875
6276.685546875
6276.55908203125
6276.4296875
6276.3046875
6276.17724609375
6276.0498046875
6275.92724609375
6275.80859375
6275.689453125
6275.5771484375
6275.4697265625
6275.3681640625
6275.27294921875
6275.1826171875
6275.09814453125
6275.01708984375
6274.9443359375
6274.86767578125
6274.794921875
6274.724609375
6274.6494140625
6274.576171875
6274.50439453125
6274.4365234375
6274.37255859375
6274.3076171875
6274.244140625
6274.18115234375
6274.1201171875
6274.0556640625
6273.9990234375
6273.9345703125
6273.8720703125
6273.8076171875
6273.744140625
6273.6728515625
6273.60107421875
6273.5283203125
6273.4580078125
6273.38623046875
6273.3193359375
