554052480.0
17341640.0
2006508.125
492833.5
231054.859375
157007.734375
130538.40625
117303.671875
111457.140625
111583.515625
110693.9296875
101971.5703125
89377.53125
78815.84375
71278.1875
65855.09375
61795.15625
58689.37890625
56337.9375
54609.0234375
53293.9375
52075.6640625
50708.80859375
49188.38671875
47672.16796875
46299.34765625
45114.15625
44089.86328125
43181.609375
42357.01171875
41595.3203125
40882.30078125
40208.48046875
39568.64453125
38957.16015625
38366.2734375
37787.96484375
37218.9140625
36660.9609375
36117.22265625
35589.953125
35079.82421875
34587.37109375
34111.6953125
33650.84375
33202.73046875
32765.80078125
32340.390625
31926.98046875
31525.76171875
31136.455078125
30759.1328125
30393.533203125
30039.52734375
29696.5546875
29364.38671875
29042.6640625
28731.28515625
28429.927734375
28138.591796875
27857.06640625
27585.10546875
27322.560546875
27069.36328125
26825.39453125
26590.404296875
26363.95703125
26145.7734375
25935.337890625
25732.361328125
25536.458984375
25347.345703125
25164.6796875
24988.158203125
24817.59765625
24652.705078125
24493.2421875
24339.212890625
24190.4140625
24046.75
23907.94921875
23773.89453125
23644.296875
23518.880859375
23397.484375
23279.80078125
23165.5703125
23054.6875
22946.970703125
22842.16796875
22740.12890625
22640.806640625
22544.05078125
22449.755859375
22357.85546875
22268.30859375
22181.015625
22095.9921875
22013.056640625
21932.169921875
21853.2578125
21776.205078125
21700.984375
21627.513671875
21555.671875
21485.4140625
21416.6484375
21349.36328125
21283.41796875
21218.86328125
21155.568359375
21093.509765625
21032.6328125
20972.9375
20914.333984375
20856.787109375
20800.3046875
20744.791015625
20690.244140625
20636.6171875
20583.8984375
20532.03515625
20481.005859375
20430.79296875
20381.345703125
20332.69140625
20284.76171875
20237.537109375
20191.0078125
20145.158203125
20099.93359375
20055.35546875
20011.41015625
19968.037109375
19925.26171875
19883.072265625
19841.3984375
19800.265625
19759.6484375
19719.53515625
19679.9296875
19640.787109375
19602.12890625
19563.884765625
19526.109375
19488.75390625
19451.8046875
19415.265625
19379.12890625
19343.375
19308.0
19272.994140625
19238.34765625
19204.05078125
19170.099609375
19136.486328125
19103.17578125
19070.203125
19037.53125
19005.16015625
18973.1015625
18941.298828125
18909.78515625
18878.5546875
18847.58203125
18816.890625
18786.45703125
18756.26171875
18726.314453125
18696.619140625
18667.134765625
18637.90625
18608.884765625
18580.091796875
18551.5078125
18523.13671875
18494.97265625
18466.99609375
18439.2265625
18411.658203125
18384.27734375
18357.068359375
18330.052734375
18303.201171875
18276.5546875
18250.056640625
18223.734375
18197.572265625
18171.5859375
18145.720703125
18120.041015625
18094.49609375
18069.109375
18043.8515625
18018.748046875
17993.78515625
17968.94921875
17944.25390625
17919.7109375
17895.265625
