-55105.50390625
-54293.1015625
-54943.5703125
-54869.34375
-54721.4140625
-54787.72265625
-54895.390625
-54953.83984375
-54964.66015625
-54958.546875
-54963.08984375
-54981.55859375
-55006.46484375
-55024.80078125
-55034.5625
-55039.234375
-55040.69921875
-55050.5390625
-55058.7265625
-55068.01171875
-55075.80078125
-55080.81640625
-55084.73046875
-55089.4375
-55093.7734375
-55099.453125
-55104.40234375
-55109.7109375
-55114.18359375
-55118.07421875
-55122.90625
-55126.51953125
-55130.7421875
-55134.02734375
-55138.58984375
-55144.12109375
-55148.375
-55152.98828125
-55156.21875
-55161.0390625
-55166.25390625
-55171.171875
-55175.62109375
-55179.17578125
-55181.79296875
-55184.6484375
-55190.140625
-55189.96875
-55190.47265625
-55192.91015625
