-54059.77734375
-53853.890625
-54490.65625
-54552.30078125
-54518.4765625
-54611.69140625
-54687.96875
-54750.3203125
-54772.62890625
-54768.140625
-54783.6875
-54822.1328125
-54857.25390625
-54876.4609375
-54883.36328125
-54888.23828125
-54906.23828125
-54922.4296875
-54938.828125
-54950.8125
-54959.93359375
-54967.390625
-54973.54296875
-54980.140625
-54985.44140625
-54991.77734375
-54998.46484375
-55004.03125
-55008.23046875
-55013.5
-55020.34375
-55024.234375
-55027.85546875
-55031.53125
-55036.37890625
-55040.73046875
-55043.078125
-55044.76953125
-55046.19140625
-55049.01171875
-55049.6953125
-55051.94140625
-55055.23046875
-55057.79296875
-55059.83984375
-55061.80859375
-55063.703125
-55066.62109375
-55068.67578125
-55071.78515625
