-55250.7890625
-54309.03515625
-55098.55859375
-54987.765625
-54827.5546875
-54937.1015625
-55065.38671875
-55121.89453125
-55123.23046875
-55099.8515625
-55097.5546875
-55133.50390625
-55177.640625
-55195.18359375
-55190.5390625
-55184.9140625
-55190.28515625
-55204.23046875
-55216.8046875
-55224.19140625
-55226.81640625
-55227.2890625
-55229.95703125
-55235.20703125
-55241.328125
-55245.875
-55248.33203125
-55249.65625
-55252.01953125
-55253.8671875
-55256.0390625
-55257.69140625
-55259.0546875
-55260.4609375
-55262.01171875
-55263.49609375
-55264.62109375
-55265.40234375
-55266.15234375
-55267.18359375
-55268.26953125
-55268.97265625
-55269.26953125
-55269.63671875
-55270.0625
-55271.171875
-55271.76171875
-55272.03125
-55272.00390625
-55272.3828125
