-55274.33984375
-54115.9453125
-55131.05078125
-54978.5703125
-54702.859375
-54835.09375
-55048.30078125
-55141.3671875
-55116.48046875
-55054.2578125
-55047.2421875
-55110.2734375
-55179.20703125
-55201.2109375
-55183.43359375
-55164.0390625
-55168.734375
-55193.125
-55218.57421875
-55231.5
-55227.79296875
-55219.41796875
-55220.12890625
-55231.63671875
-55245.19921875
-55252.6328125
-55251.40625
-55247.33203125
-55247.33984375
-55252.546875
-55259.7265625
-55263.953125
-55263.515625
-55261.27734375
-55261.7265625
-55265.6015625
-55269.75
-55270.6484375
-55269.49609375
-55269.0390625
-55270.625
-55273.0859375
-55274.22265625
-55273.8125
-55273.53515625
-55274.30078125
-55275.52734375
-55276.29296875
-55276.4921875
-55276.41796875
