-55192.91796875
-54513.0234375
-55083.3359375
-55005.64453125
-54891.1953125
-54949.46875
-55034.5
-55085.484375
-55103.8125
-55091.78125
-55095.75
-55118.59765625
-55140.28515625
-55153.36328125
-55155.8359375
-55156.1640625
-55163.98828125
-55178.3125
-55191.8359375
-55201.57421875
-55206.43359375
-55211.17578125
-55217.66796875
-55222.953125
-55225.23828125
-55228.87109375
-55232.9453125
-55234.39453125
-55236.41015625
-55238.609375
-55240.09765625
-55243.17578125
-55244.125
-55246.28515625
-55248.390625
-55249.421875
-55250.203125
-55250.5859375
-55251.95703125
-55253.52734375
-55255.6953125
-55256.69921875
-55257.18359375
-55257.125
-55257.09765625
-55257.85546875
-55259.03515625
-55260.08984375
-55260.4765625
-55260.6953125
