-55260.70703125
-54214.5625
-55115.7734375
-54987.31640625
-54793.57421875
-54883.0078125
-55018.55078125
-55086.8046875
-55085.578125
-55059.078125
-55059.8671875
-55095.98828125
-55137.6875
-55157.171875
-55158.33984375
-55154.4375
-55157.515625
-55169.30859375
-55182.5078125
-55190.71875
-55193.8828125
-55195.96875
-55199.453125
-55205.65625
-55211.45703125
-55214.99609375
-55217.2421875
-55218.515625
-55221.3046875
-55224.6015625
-55227.65234375
-55229.7734375
-55231.3203125
-55232.48828125
-55233.546875
-55235.33203125
-55237.484375
-55238.6484375
-55239.65625
-55240.4296875
-55240.96484375
-55241.76171875
-55242.81640625
-55243.79296875
-55244.53515625
-55245.28125
-55246.0390625
-55246.734375
-55247.74609375
-55248.734375
