-55272.42578125
-54116.3984375
-55123.97265625
-54980.06640625
-54703.9375
-54822.265625
-55034.69921875
-55139.8359375
-55116.2734375
-55051.96875
-55042.1953125
-55102.72265625
-55174.16015625
-55201.015625
-55183.4453125
-55162.4140625
-55165.1640625
-55189.53125
-55216.8046875
-55229.703125
-55225.546875
-55215.75
-55217.04296875
-55230.41015625
-55245.0703125
-55251.03125
-55247.63671875
-55242.91015625
-55244.578125
-55252.36328125
-55260.0234375
-55262.1171875
-55259.91015625
-55258.1640625
-55260.02734375
-55264.69921875
-55268.21484375
-55268.49609375
-55267.06640625
-55266.77734375
-55268.4609375
-55270.890625
-55272.19140625
-55272.19140625
-55271.7734375
-55272.07421875
-55273.296875
-55274.21484375
-55274.51953125
-55274.3125
