-32353.244140625
-32306.759765625
-32647.375
-32692.716796875
-32679.349609375
-32722.85546875
-32770.125
-32801.28515625
-32829.109375
-32860.2734375
-32895.43359375
-32923.93359375
-32945.7578125
-32967.15625
-32987.55859375
-33003.36328125
-33016.703125
-33027.30859375
-33035.75
-33043.9765625
-33052.9296875
-33061.9609375
-33068.9375
-33074.890625
-33080.1640625
-33085.359375
-33089.734375
-33093.09765625
-33096.109375
-33100.19140625
-33104.63671875
-33108.06640625
-33110.546875
-33112.78125
-33114.8671875
-33116.77734375
-33118.31640625
-33119.4609375
-33120.69921875
-33122.1953125
-33123.9921875
-33125.84375
-33127.1953125
-33128.13671875
-33129.11328125
-33130.171875
-33131.29296875
-33132.55078125
-33133.83203125
-33134.92578125
