-33248.23046875
-32674.783203125
-33175.4453125
-33112.41796875
-32994.08984375
-33023.828125
-33097.66015625
-33143.9140625
-33153.66015625
-33146.77734375
-33145.875
-33160.5625
-33180.9765625
-33194.16796875
-33198.49609375
-33199.52734375
-33201.84375
-33207.140625
-33213.9140625
-33218.97265625
-33221.1015625
-33221.71875
-33223.265625
-33226.7578125
-33231.01953125
-33234.25
-33235.81640625
-33236.203125
-33236.49609375
-33237.546875
-33239.5546875
-33241.7734375
-33243.05859375
-33243.2734375
-33243.26953125
-33243.7421875
-33244.78515625
-33246.015625
-33246.89453125
-33247.2578125
-33247.3984375
-33247.55859375
-33247.91796875
-33248.53125
-33249.09375
-33249.33984375
-33249.4609375
-33249.6640625
-33249.9453125
-33250.2265625
