-33134.921875
-32655.46875
-33042.94140625
-32994.26953125
-32932.59765625
-32962.73828125
-33013.9765625
-33049.37890625
-33066.31640625
-33065.8828125
-33070.60546875
-33087.37109375
-33102.5078125
-33110.5
-33114.6484375
-33120.53125
-33128.90234375
-33136.65234375
-33141.953125
-33144.87890625
-33146.984375
-33150.51171875
-33155.71484375
-33161.32421875
-33165.90625
-33168.66796875
-33170.3125
-33172.68359375
-33176.50390625
-33180.359375
-33183.06640625
-33184.83984375
-33186.9140625
-33189.59765625
-33191.9296875
-33193.4140625
-33194.46875
-33195.98828125
-33198.0625
-33200.0
-33201.23828125
-33201.96484375
-33202.671875
-33203.76953125
-33205.03125
-33206.16796875
-33207.02734375
-33207.69140625
-33208.375
-33209.203125
