-33235.81640625
-32745.935546875
-33158.640625
-33106.578125
-33005.171875
-33045.9375
-33125.31640625
-33163.8359375
-33159.58984375
-33147.43359375
-33149.2109375
-33168.57421875
-33190.76171875
-33200.17578125
-33198.14453125
-33195.85546875
-33199.97265625
-33207.7734375
-33213.73046875
-33216.02734375
-33217.140625
-33219.609375
-33223.43359375
-33226.875
-33228.7578125
-33229.63671875
-33230.64453125
-33232.29296875
-33234.0703125
-33235.41015625
-33236.515625
-33237.80859375
-33239.00390625
-33239.71875
-33240.3828125
-33241.29296875
-33242.203125
-33242.87890625
-33243.4140625
-33243.94921875
-33244.55078125
-33245.2265625
-33245.83203125
-33246.1875
-33246.42578125
-33246.734375
-33247.1640625
-33247.64453125
-33248.015625
-33248.23046875
