-33209.203125
-32723.5859375
-33117.703125
-33069.0078125
-32990.40234375
-33030.08984375
-33091.90625
-33124.421875
-33129.09375
-33126.58984375
-33131.3671875
-33144.5234375
-33159.19921875
-33168.98046875
-33174.0234375
-33177.1171875
-33179.2421875
-33181.50390625
-33185.15234375
-33189.8046875
-33194.12890625
-33197.65234375
-33200.41796875
-33202.30859375
-33203.7109375
-33205.44140625
-33207.64453125
-33210.1953125
-33212.60546875
-33214.046875
-33214.640625
-33215.34765625
-33216.8515625
-33218.78515625
-33220.44140625
-33221.58984375
-33222.51953125
-33223.5
-33224.65625
-33225.91796875
-33227.09765625
-33228.2265625
-33229.52734375
-33231.09375
-33232.4921875
-33233.41796875
-33233.90234375
-33234.31640625
-33235.01171875
-33235.81640625
