-38788.23046875
-38852.61328125
-39200.6640625
-39289.6953125
-39307.2578125
-39341.09765625
-39363.921875
-39377.2265625
-39392.359375
-39413.90625
-39440.8515625
-39471.4609375
-39497.890625
-39519.171875
-39536.01171875
-39547.9921875
-39560.09375
-39571.46875
-39582.55078125
-39592.7109375
-39603.33203125
-39615.62109375
-39628.9375
-39641.6953125
-39650.30078125
-39657.859375
-39663.09765625
-39666.92578125
-39669.6796875
-39672.5
-39674.75
-39677.71875
-39680.3046875
-39682.44140625
-39684.54296875
-39686.625
-39688.83203125
-39690.87890625
-39693.16796875
-39695.33984375
-39697.6796875
-39699.9453125
-39702.48046875
-39704.875
-39707.296875
-39709.29296875
-39711.375
-39712.78125
-39714.25
-39715.64453125
