-39754.11328125
-39068.8125
-39653.96875
-39562.68359375
-39458.37890625
-39497.73046875
-39580.51953125
-39628.08984375
-39635.5703125
-39634.91015625
-39644.97265625
-39665.71875
-39687.7421875
-39698.96875
-39700.26171875
-39702.10546875
-39708.9375
-39718.51171875
-39725.4609375
-39729.59375
-39733.04296875
-39736.328125
-39739.15625
-39742.5546875
-39746.3984375
-39749.36328125
-39751.34765625
-39753.25
-39755.5859375
-39757.70703125
-39759.640625
-39761.2578125
-39762.34765625
-39763.125
-39764.36328125
-39765.640625
-39767.23046875
-39768.5234375
-39769.2890625
-39769.578125
-39770.22265625
-39771.46484375
-39772.72265625
-39773.2421875
-39773.41015625
-39774.01171875
-39774.90234375
-39775.2734375
-39775.52734375
-39775.95703125
