-39715.59375
-38241.1328125
-39598.48046875
-39507.84765625
-39419.17578125
-39440.30859375
-39497.91015625
-39538.328125
-39550.86328125
-39552.8125
-39560.7578125
-39581.13671875
-39607.4140625
-39626.29296875
-39636.26171875
-39645.51171875
-39659.35546875
-39675.64453125
-39689.88671875
-39699.0703125
-39703.59765625
-39705.22265625
-39708.16796875
-39712.79296875
-39716.35546875
-39718.0390625
-39719.35546875
-39721.984375
-39725.37890625
-39728.2734375
-39730.28125
-39732.140625
-39734.3671875
-39736.6640625
-39738.2734375
-39739.6953125
-39741.42578125
-39742.93359375
-39744.11328125
-39744.8828125
-39745.703125
-39746.88671875
-39748.18359375
-39749.52734375
-39750.55859375
-39751.19921875
-39751.8203125
-39752.73828125
-39753.453125
-39754.13671875
