-32966.425209185756 
-32643.703663005945 
-32552.079568497342 
-32880.62429851223 
-32918.40127116221 
-32911.0938628867 
-32952.862502540185 
-32961.52367495185 
-32941.37587396347 
-32955.40403968893 
-32982.99497498593 
-32988.90796156756 
-32997.53825599437 
-32999.57421379652 
-33011.43703530611 
-33016.039315716414 
-33021.86817694989 
-33030.334238262054 
-33035.63248943957 
-33041.94323619917 
-33046.556957843066 
-33050.667826702265 
-33054.15446801561 
-33057.36282184191 
-33060.58187354548 
-33060.58187354548 
-32683.112591622386 
-32886.21561924966 
-33042.34988138694 
-33032.43983391604 
-33047.73510272003 
-33047.48435491405 
-33037.75382373352 
-33054.73817699407 
-33057.616975718134 
-33062.26266122338 
-33065.444422485285 
-33059.10301302604 
-33068.57765882871 
-33065.85321268826 
-33071.06130776565 
-33071.61188425747 
-33072.98771305358 
-33076.11843420188 
-33078.136411078696 
-33080.361484725094 
-33082.30785253043 
-33084.17648001514 
-33086.24963006679 
-33088.17271572126 
-33090.330573128726 
-33092.49893986602 
