-32350.653345310504 
-32626.04579894235 
-32533.165188593393 
-31868.804855848546 
-31868.804855848546 
-32077.450115726955 
-32077.450115726955 
-32228.101575857094 
-32303.240089151688 
-32303.240089151688 
-32380.541078574435 
-32442.25188149962 
-32498.36697454278 
-32541.39017933131 
-32575.02292474731 
-32575.02292474731 
-32589.962583175675 
-32622.713813317594 
-32631.08821545159 
-32550.1952007592 
-32686.032371293004 
-32602.531248146595 
-32703.398033621997 
-32730.56747642739 
-32750.06657811841 
-32765.044222862172 
-32775.37423070388 
-32784.882079525625 
-32795.38596774894 
-32795.38596774894 
-32799.189785034214 
-32797.84919686027 
-32813.457357137726 
-32757.72330324974 
-32796.16919518085 
-32820.32682411708 
-32771.89830271117 
-32836.87579760674 
-32838.591068259586 
-32843.40678344538 
-32845.4631571547 
-32841.369772727965 
-32870.09692276424 
-32866.159182862895 
-32880.39724567919 
-32884.87971433587 
-32884.87971433587 
-32845.81934285354 
-32881.30693358208 
-32874.832925718285 
-32878.340921296476 
-32890.39001522588 
-32895.482128275384 
-32897.63247144519 
-32897.63247144519 
-31951.776281250444 
-32515.41071356121 
-32887.73802984734 
-32887.73802984734 
-31305.708008926846 
-32890.70680234755 
-29566.553143970727 
-32773.328479729455 
-32596.787938352954 
-32866.11807744738 
-32869.24266780753 
-32872.654733077994 
-32899.176830070806 
-32899.176830070806 
-29485.35837800794 
-27931.629498713588 
-27670.548337371096 
-30117.158885531622 
-30741.883992399722 
-30941.056993744158 
-30421.05698745216 
-30685.227419932784 
-31070.91350368821 
-32027.40771931608 
-32144.28501976529 
-32330.47539793821 
-32448.521280820707 
-32546.40761975924 
-32612.163803348867 
-32660.180939834834 
-32718.76758734976 
-32755.097132043567 
-32777.62167718618 
-32808.02507869799 
-32837.354351744 
-32856.05444218554 
-32857.80864719242 
-32876.51186226603 
-32873.245411627155 
-32892.80912792517 
-32902.37817998222 
-32910.64556392846 
-32922.259320729114 
-32930.53475620407 
-32936.598310821195 
-32941.91732757147 
-32947.64430772807 
-32947.64430772807 
-32887.776645653015 
-32929.90020349636 
-32933.04051751408 
-32933.13098202065 
-32952.055576908366 
-32957.35155767973 
-32966.454946205085 
-32966.425209185756 
-32966.425209185756 
-32643.703663005945 
-32552.079568497342 
-32880.62429851223 
-32918.40127116221 
-32911.0938628867 
-32952.862502540185 
-32961.52367495185 
-32941.37587396347 
-32955.40403968893 
-32982.99497498593 
-32988.90796156756 
-32997.53825599437 
-32999.57421379652 
-33011.43703530611 
-33016.039315716414 
-33021.86817694989 
-33030.334238262054 
-33035.63248943957 
-33041.94323619917 
-33046.556957843066 
-33050.667826702265 
-33054.15446801561 
-33057.36282184191 
-33060.58187354548 
-33060.58187354548 
-32683.112591622386 
-32886.21561924966 
-33042.34988138694 
-33032.43983391604 
-33047.73510272003 
-33047.48435491405 
-33037.75382373352 
-33054.73817699407 
-33057.616975718134 
-33062.26266122338 
-33065.444422485285 
-33059.10301302604 
-33068.57765882871 
-33065.85321268826 
-33071.06130776565 
-33071.61188425747 
-33072.98771305358 
-33076.11843420188 
-33078.136411078696 
-33080.361484725094 
-33082.30785253043 
-33084.17648001514 
-33086.24963006679 
-33088.17271572126 
-33090.330573128726 
-33092.49893986602 
-33092.49893986602 
-29659.69121169449 
-32584.472802838936 
-32386.218565951094 
-32990.8222979756 
-32729.296429526585 
-32848.38681749112 
-32848.38681749112 
-32939.708228364565 
-32975.6034489687 
-33000.73710845899 
-33021.42261262097 
-33036.64193875891 
-33049.47276188266 
-33059.822380732185 
-33068.96511827762 
-33074.73219380713 
-33079.8306997211 
-33086.1934756616 
-33089.565560808216 
-33095.10984126537 
-33099.05762281591 
-33099.05762281591 
-32289.875385204126 
-33076.44646017981 
-33058.68923184797 
-33084.26293155 
-33100.18986146318 
-33100.18986146318 
-33024.45573765185 
-32985.29015024631 
-33097.76112108926 
-33099.41853695253 
-33092.852547213246 
-33100.880379567636 
-33105.776102714255 
-33106.96642964566 
-33108.956315029005 
-33111.14229550819 
-33111.70178536106 
-33115.33498519566 
-33116.224988792324 
-33118.707676782746 
-33119.335159883594 
-33121.5935405037 
-33123.77445555689 
-33125.23136389944 
-33126.651895725234 
-33127.67852660255 
-33128.77713119931 
-33129.943319448954 
-33130.953968741334 
-33132.007081543976 
-33133.42201895067 
-33133.42201895067 
-32978.95613263025 
-33043.388829160074 
-33038.85115943831 
-33114.499171238465 
-33123.72075226838 
-33109.11699409363 
-33116.180536544576 
-33116.849677795355 
-33099.54217566591 
-33123.27243210432 
-33116.152925409115 
-33129.44755632445 
-33128.74069383107 
-33131.20940902739 
-33131.82754543077 
-33131.716436132454 
-33134.13931079103 
-33130.71471541401 
-33136.67596691226 
-33135.264010076346 
-33137.63794976035 
-33139.228613607855 
-33140.59794881183 
-33139.49845864141 
-33141.699102947954 
-33142.235791929976 
-33143.39888459029 
-33143.98748612117 
-33145.18410541988 
-33145.86845309053 
-33147.75190943924 
-33148.470567211276 
-33148.470567211276 
-33130.16626711104 
-33142.66446305402 
-33133.04207535291 
-33142.17931851543 
-33142.17931851543 
-33133.3607763002 
-33128.91836867221 
-33144.12373907292 
-33148.03821434126 
-33143.379675340635 
-33147.31803781733 
-33146.26776521213 
-33149.587559793006 
-33149.35026639092 
-33148.91149737613 
-33150.66527872752 
-33150.161336147874 
-33150.56620212089 
-33151.34324966857 
