-33092.49893986602 
-29659.69121169449 
-32584.472802838936 
-32386.218565951094 
-32990.8222979756 
-32729.296429526585 
-32848.38681749112 
-32848.38681749112 
-32939.708228364565 
-32975.6034489687 
-33000.73710845899 
-33021.42261262097 
-33036.64193875891 
-33049.47276188266 
-33059.822380732185 
-33068.96511827762 
-33074.73219380713 
-33079.8306997211 
-33086.1934756616 
-33089.565560808216 
-33095.10984126537 
-33099.05762281591 
-33099.05762281591 
-32289.875385204126 
-33076.44646017981 
-33058.68923184797 
-33084.26293155 
-33100.18986146318 
-33100.18986146318 
-33024.45573765185 
-32985.29015024631 
-33097.76112108926 
-33099.41853695253 
-33092.852547213246 
-33100.880379567636 
-33105.776102714255 
-33106.96642964566 
-33108.956315029005 
-33111.14229550819 
-33111.70178536106 
-33115.33498519566 
-33116.224988792324 
-33118.707676782746 
-33119.335159883594 
-33121.5935405037 
-33123.77445555689 
-33125.23136389944 
-33126.651895725234 
-33127.67852660255 
-33128.77713119931 
-33129.943319448954 
-33130.953968741334 
-33132.007081543976 
-33133.42201895067 
