-32350.653345310504 
-32626.04579894235 
-32533.165188593393 
-31868.804855848546 
-31868.804855848546 
-32077.450115726955 
-32077.450115726955 
-32228.101575857094 
-32303.240089151688 
-32303.240089151688 
-32380.541078574435 
-32442.25188149962 
-32498.36697454278 
-32541.39017933131 
-32575.02292474731 
-32575.02292474731 
-32589.962583175675 
-32622.713813317594 
-32631.08821545159 
-32550.1952007592 
-32686.032371293004 
-32602.531248146595 
-32703.398033621997 
-32730.56747642739 
-32750.06657811841 
-32765.044222862172 
-32775.37423070388 
-32784.882079525625 
-32795.38596774894 
-32795.38596774894 
-32799.189785034214 
-32797.84919686027 
-32813.457357137726 
-32757.72330324974 
-32796.16919518085 
-32820.32682411708 
-32771.89830271117 
-32836.87579760674 
-32838.591068259586 
-32843.40678344538 
-32845.4631571547 
-32841.369772727965 
-32870.09692276424 
-32866.159182862895 
-32880.39724567919 
-32884.87971433587 
-32884.87971433587 
-32845.81934285354 
-32881.30693358208 
-32874.832925718285 
-32878.340921296476 
-32890.39001522588 
-32895.482128275384 
-32897.63247144519 
-32897.63247144519 
-31951.776281250444 
-32515.41071356121 
-32887.73802984734 
