-33133.42201895067 
-32978.95613263025 
-33043.388829160074 
-33038.85115943831 
-33114.499171238465 
-33123.72075226838 
-33109.11699409363 
-33116.180536544576 
-33116.849677795355 
-33099.54217566591 
-33123.27243210432 
-33116.152925409115 
-33129.44755632445 
-33128.74069383107 
-33131.20940902739 
-33131.82754543077 
-33131.716436132454 
-33134.13931079103 
-33130.71471541401 
-33136.67596691226 
-33135.264010076346 
-33137.63794976035 
-33139.228613607855 
-33140.59794881183 
-33139.49845864141 
-33141.699102947954 
-33142.235791929976 
-33143.39888459029 
-33143.98748612117 
-33145.18410541988 
-33145.86845309053 
-33147.75190943924 
-33148.470567211276 
-33148.470567211276 
-33130.16626711104 
-33142.66446305402 
-33133.04207535291 
-33142.17931851543 
-33142.17931851543 
-33133.3607763002 
-33128.91836867221 
-33144.12373907292 
-33148.03821434126 
-33143.379675340635 
-33147.31803781733 
-33146.26776521213 
-33149.587559793006 
-33149.35026639092 
-33148.91149737613 
-33150.66527872752 
-33150.161336147874 
-33150.56620212089 
-33151.34324966857 
