-32887.73802984734 
-31305.708008926846 
-32890.70680234755 
-29566.553143970727 
-32773.328479729455 
-32596.787938352954 
-32866.11807744738 
-32869.24266780753 
-32872.654733077994 
-32899.176830070806 
-32899.176830070806 
-29485.35837800794 
-27931.629498713588 
-27670.548337371096 
-30117.158885531622 
-30741.883992399722 
-30941.056993744158 
-30421.05698745216 
-30685.227419932784 
-31070.91350368821 
-32027.40771931608 
-32144.28501976529 
-32330.47539793821 
-32448.521280820707 
-32546.40761975924 
-32612.163803348867 
-32660.180939834834 
-32718.76758734976 
-32755.097132043567 
-32777.62167718618 
-32808.02507869799 
-32837.354351744 
-32856.05444218554 
-32857.80864719242 
-32876.51186226603 
-32873.245411627155 
-32892.80912792517 
-32902.37817998222 
-32910.64556392846 
-32922.259320729114 
-32930.53475620407 
-32936.598310821195 
-32941.91732757147 
-32947.64430772807 
-32947.64430772807 
-32887.776645653015 
-32929.90020349636 
-32933.04051751408 
-32933.13098202065 
-32952.055576908366 
-32957.35155767973 
-32966.454946205085 
-32966.425209185756 
