-39483.703125
-38973.29296875
-39391.55078125
-39335.56640625
-39248.65625
-39299.28515625
-39377.5859375
-39412.0078125
-39407.19140625
-39398.1796875
-39406.953125
-39432.66796875
-39456.08203125
-39467.6640625
-39468.45703125
-39470.66015625
-39475.7578125
-39483.60546875
-39489.13671875
-39492.9765625
-39495.4140625
-39498.671875
-39502.6875
-39506.18359375
-39508.77734375
-39510.3046875
-39512.3203125
-39514.26953125
-39516.640625
-39518.6328125
-39520.52734375
-39522.359375
-39524.171875
-39526.07421875
-39527.2578125
-39528.46875
-39529.984375
-39531.26953125
-39532.36328125
-39533.45703125
-39534.33984375
-39535.4375
-39536.87109375
-39538.328125
-39540.31640625
-39542.85546875
-39545.68359375
-39547.94921875
-39549.4921875
-39551.0546875
