-39550.9765625
-38981.07421875
-39463.109375
-39369.671875
-39301.4375
-39345.3125
-39415.671875
-39454.94140625
-39460.76953125
-39449.9609375
-39446.671875
-39462.68359375
-39487.23828125
-39504.22265625
-39507.16796875
-39503.2421875
-39503.01171875
-39510.2421875
-39520.87890625
-39528.36328125
-39530.3828125
-39529.921875
-39530.546875
-39533.58203125
-39537.62109375
-39540.7890625
-39542.25
-39542.8046875
-39543.69140625
-39545.6875
-39548.30078125
-39550.265625
-39550.875
-39550.8515625
-39551.6484375
-39553.33984375
-39554.75390625
-39555.38671875
-39555.76171875
-39556.3984375
-39557.21875
-39558.09765625
-39558.98828125
-39559.69921875
-39560.1484375
-39560.56640625
-39561.2578125
-39561.87109375
-39562.46484375
-39562.8671875
