-38708.0703125
-38740.57421875
-39105.21875
-39185.33984375
-39207.47265625
-39248.57421875
-39271.203125
-39279.71484375
-39287.30078125
-39306.9921875
-39340.2265625
-39366.8203125
-39372.99609375
-39371.625
-39378.1953125
-39389.9140625
-39401.14453125
-39409.0390625
-39414.18359375
-39418.6875
-39423.1875
-39427.00390625
-39430.50390625
-39434.74609375
-39439.7265625
-39444.30859375
-39447.92578125
-39450.9296875
-39454.13671875
-39457.15625
-39458.9609375
-39459.8515625
-39461.0234375
-39463.2109375
-39466.01953125
-39468.47265625
-39470.07421875
-39471.25
-39472.453125
-39473.74609375
-39474.9609375
-39475.9453125
-39477.1484375
-39478.40625
-39479.578125
-39480.734375
-39481.62890625
-39482.38671875
-39482.95703125
-39483.66796875
