-39446.09623375395 
-39374.82394072249 
-39438.7828025634 
-39382.94962896564 
-39438.27503855595 
-39420.704169311204 
-39420.704169311204 
-39428.43245603141 
-39428.43245603141 
-39430.47276402399 
-39436.66798906037 
-39436.678934262076 
-39439.80480573059 
-39441.77398454871 
-39443.43346797984 
-39445.72589017105 
-39445.72589017105 
-39446.12109020676 
-39443.61540657461 
-39446.67765250342 
-39447.95637245508 
-39448.7649387723 
-39449.29236311416 
-39448.90031560081 
-39450.40566449952 
-39450.8278473329 
-39451.47198345961 
-39452.09669528195 
-39452.8355914776 
-39453.78994345599 
-39454.5041307176 
-39455.616811371605 
-39456.61715509447 
-39457.202008726454 
-39457.71457838854 
-39458.42108084391 
-39458.42108084391 
-39457.695942618135 
-39456.97814575646 
-39450.989888410724 
-39458.54753416945 
-39454.795523403925 
-39457.876145101305 
-39457.97362873565 
-39457.49360955254 
-39459.002626828325 
-39459.22826693857 
-39459.14140650011 
-39459.56689144909 
-39459.77348780731 
-39459.93760083245 
-39460.055348475704 
-39460.24308709386 
-39460.21688130525 
-39460.530378297204 
