-39462.904069504264 
-39449.638343279665 
-39459.380063759374 
-39459.380063759374 
-39432.487009367265 
-39440.847376242185 
-39443.403321365404 
-39427.24817806133 
-39428.59478707583 
-39442.4544091419 
-39450.778655813956 
-39434.91303193823 
-39453.82595693824 
-39449.20346991306 
-39449.20346991306 
-39455.5846847786 
-39458.37017949015 
-39460.447968546316 
-39461.62350118844 
-39462.425006196725 
-39462.58355107955 
-39462.01324487341 
-39463.179583177305 
-39462.55047114646 
-39462.88608396896 
-39463.672699492265 
-39462.92928783907 
-39463.6478139967 
-39463.62949562215 
-39464.21337539971 
-39464.03781699202 
-39464.185731764024 
-39464.14483840675 
-39464.3994585806 
-39464.61482101161 
-39464.63748081764 
-39464.80218944984 
-39464.7965519276 
-39464.9298923055 
-39465.04037026956 
-39465.10890288306 
-39465.232012372835 
-39465.33228710853 
-39465.33228710853 
-39455.99483077133 
-39455.99483077133 
-39452.62129072079 
-39460.79858518085 
-39461.429475273944 
-39463.38123627354 
-39462.48375647138 
-39463.94096584443 
-39463.10080123582 
-39463.75812853761 
-39464.3997356393 
