-39424.08193831016 
-39007.31107142168 
-39412.33583042941 
-39280.97352741683 
-39399.727099819844 
-39399.16231703937 
-39405.77639282877 
-39420.87516362625 
-39420.50737857214 
-39423.90259028341 
-39423.90259028341 
-39413.33606996714 
-39424.82262524546 
-39421.90218980779 
-39425.41950073571 
-39427.04915886675 
-39429.163464582496 
-39429.12149203316 
-39430.731862545195 
-39431.1881941313 
-39432.31479640882 
-39432.9429993552 
-39433.84991736256 
-39434.50516395811 
-39435.32122330716 
-39436.07299996646 
-39436.94427766798 
-39437.701659810285 
-39438.60047995882 
-39438.60047995882 
-39438.15675684863 
-39435.80048714804 
-39438.13730004403 
-39430.756253161366 
-39440.23417226738 
-39438.512309830214 
-39440.92401409046 
-39440.20895254959 
-39441.600386296755 
-39441.57064512847 
-39442.516425343965 
-39442.559218927476 
-39443.43341496527 
-39443.94042155601 
-39444.41041614677 
-39444.41041614677 
-39442.84318242992 
-39443.10609892145 
-39443.76768167894 
-39443.25943155102 
-39444.76131859894 
-39444.799660803386 
-39445.63025513138 
-39446.09623375395 
