-38707.797411008985 
-39054.04608787869 
-39054.04608787869 
-39193.78017917695 
-39193.78017917695 
-38617.52318429686 
-39176.873535811275 
-39254.48912354584 
-39266.42641414719 
-39280.37147540051 
-39297.8623067197 
-39301.68680175794 
-39323.96171724081 
-39331.44038167721 
-39328.0142412715 
-39337.77125276386 
-39330.97354813722 
-39357.1767201386 
-39346.92416080694 
-39359.513904367006 
-39363.80427706967 
-39366.809496158035 
-39383.35097269738 
-39383.88285948223 
-39383.88285948223 
-39387.467112586855 
-39387.467112586855 
-39391.63138416506 
-39398.96384228128 
-39386.92335491997 
-39404.94893557976 
-39405.925616138426 
-39409.17992045006 
-39410.15601646557 
-39410.15601646557 
-39408.3219459457 
-39409.67589563281 
-39413.56677896085 
-39413.56677896085 
-39413.39670617715 
-39415.736281362224 
-39416.535465024266 
-39413.64802723187 
-39419.881798233 
-39419.881798233 
-39406.0949437218 
-39420.3714144345 
-39363.506743222795 
-39409.92520098174 
-39405.87642508048 
-39418.14922431918 
-39420.23400138588 
-39421.628031924505 
-39423.49937098873 
-39423.85337755865 
-39423.85337755865 
-39420.706847468486 
-39424.94675768575 
-39424.08193831016 
-39424.08193831016 
-39007.31107142168 
-39412.33583042941 
-39280.97352741683 
-39399.727099819844 
-39399.16231703937 
-39405.77639282877 
-39420.87516362625 
-39420.50737857214 
-39423.90259028341 
-39423.90259028341 
-39413.33606996714 
-39424.82262524546 
-39421.90218980779 
-39425.41950073571 
-39427.04915886675 
-39429.163464582496 
-39429.12149203316 
-39430.731862545195 
-39431.1881941313 
-39432.31479640882 
-39432.9429993552 
-39433.84991736256 
-39434.50516395811 
-39435.32122330716 
-39436.07299996646 
-39436.94427766798 
-39437.701659810285 
-39438.60047995882 
-39438.60047995882 
-39438.15675684863 
-39435.80048714804 
-39438.13730004403 
-39430.756253161366 
-39440.23417226738 
-39438.512309830214 
-39440.92401409046 
-39440.20895254959 
-39441.600386296755 
-39441.57064512847 
-39442.516425343965 
-39442.559218927476 
-39443.43341496527 
-39443.94042155601 
-39444.41041614677 
-39444.41041614677 
-39442.84318242992 
-39443.10609892145 
-39443.76768167894 
-39443.25943155102 
-39444.76131859894 
-39444.799660803386 
-39445.63025513138 
-39446.09623375395 
-39446.09623375395 
-39374.82394072249 
-39438.7828025634 
-39382.94962896564 
-39438.27503855595 
-39420.704169311204 
-39420.704169311204 
-39428.43245603141 
-39428.43245603141 
-39430.47276402399 
-39436.66798906037 
-39436.678934262076 
-39439.80480573059 
-39441.77398454871 
-39443.43346797984 
-39445.72589017105 
-39445.72589017105 
-39446.12109020676 
-39443.61540657461 
-39446.67765250342 
-39447.95637245508 
-39448.7649387723 
-39449.29236311416 
-39448.90031560081 
-39450.40566449952 
-39450.8278473329 
-39451.47198345961 
-39452.09669528195 
-39452.8355914776 
-39453.78994345599 
-39454.5041307176 
-39455.616811371605 
-39456.61715509447 
-39457.202008726454 
-39457.71457838854 
-39458.42108084391 
-39458.42108084391 
-39457.695942618135 
-39456.97814575646 
-39450.989888410724 
-39458.54753416945 
-39454.795523403925 
-39457.876145101305 
-39457.97362873565 
-39457.49360955254 
-39459.002626828325 
-39459.22826693857 
-39459.14140650011 
-39459.56689144909 
-39459.77348780731 
-39459.93760083245 
-39460.055348475704 
-39460.24308709386 
-39460.21688130525 
-39460.530378297204 
-39460.530378297204 
-39458.129148561566 
-39458.74101864394 
-39459.45665366404 
-39455.18445343064 
-39459.306366836216 
-39457.46454720112 
-39457.46454720112 
-39457.83150983807 
-39459.056925723904 
-39459.67242822563 
-39459.4702085651 
-39460.774014084665 
-39459.54387183554 
-39460.990490973934 
-39460.95443968999 
-39460.75723705084 
-39461.35121564113 
-39461.63700722391 
-39461.64880111957 
-39462.00542660875 
-39461.98211518463 
-39462.26438544813 
-39462.258988565896 
-39462.455664977904 
-39462.57446115696 
-39462.724362361485 
-39462.89153478775 
-39463.186632961326 
-39463.36603308065 
-39463.563355348306 
-39463.563355348306 
-39403.789841600264 
-39403.789841600264 
-39412.358255127394 
-39418.764291871026 
-39424.42825730785 
-39429.97802869046 
-39434.99901625347 
-39439.50736246947 
-39443.90232852001 
-39447.80572581974 
-39451.10093939302 
-39453.607811934315 
-39456.35567253154 
-39457.86010473936 
-39459.482370105216 
-39460.3090111605 
-39461.04763144994 
-39460.89123988025 
-39462.02612856404 
-39461.78214587694 
-39462.25968190414 
-39462.904069504264 
-39462.904069504264 
-39449.638343279665 
-39459.380063759374 
-39459.380063759374 
-39432.487009367265 
-39440.847376242185 
-39443.403321365404 
-39427.24817806133 
-39428.59478707583 
-39442.4544091419 
-39450.778655813956 
-39434.91303193823 
-39453.82595693824 
-39449.20346991306 
-39449.20346991306 
-39455.5846847786 
-39458.37017949015 
-39460.447968546316 
-39461.62350118844 
-39462.425006196725 
-39462.58355107955 
-39462.01324487341 
-39463.179583177305 
-39462.55047114646 
-39462.88608396896 
-39463.672699492265 
-39462.92928783907 
-39463.6478139967 
-39463.62949562215 
-39464.21337539971 
-39464.03781699202 
-39464.185731764024 
-39464.14483840675 
-39464.3994585806 
-39464.61482101161 
-39464.63748081764 
-39464.80218944984 
-39464.7965519276 
-39464.9298923055 
-39465.04037026956 
-39465.10890288306 
-39465.232012372835 
-39465.33228710853 
-39465.33228710853 
-39455.99483077133 
-39455.99483077133 
-39452.62129072079 
-39460.79858518085 
-39461.429475273944 
-39463.38123627354 
-39462.48375647138 
-39463.94096584443 
-39463.10080123582 
-39463.75812853761 
-39464.3997356393 
