-38707.797411008985 
-39054.04608787869 
-39054.04608787869 
-39193.78017917695 
-39193.78017917695 
-38617.52318429686 
-39176.873535811275 
-39254.48912354584 
-39266.42641414719 
-39280.37147540051 
-39297.8623067197 
-39301.68680175794 
-39323.96171724081 
-39331.44038167721 
-39328.0142412715 
-39337.77125276386 
-39330.97354813722 
-39357.1767201386 
-39346.92416080694 
-39359.513904367006 
-39363.80427706967 
-39366.809496158035 
-39383.35097269738 
-39383.88285948223 
-39383.88285948223 
-39387.467112586855 
-39387.467112586855 
-39391.63138416506 
-39398.96384228128 
-39386.92335491997 
-39404.94893557976 
-39405.925616138426 
-39409.17992045006 
-39410.15601646557 
-39410.15601646557 
-39408.3219459457 
-39409.67589563281 
-39413.56677896085 
-39413.56677896085 
-39413.39670617715 
-39415.736281362224 
-39416.535465024266 
-39413.64802723187 
-39419.881798233 
-39419.881798233 
-39406.0949437218 
-39420.3714144345 
-39363.506743222795 
-39409.92520098174 
-39405.87642508048 
-39418.14922431918 
-39420.23400138588 
-39421.628031924505 
-39423.49937098873 
-39423.85337755865 
-39423.85337755865 
-39420.706847468486 
-39424.94675768575 
-39424.08193831016 
