-39460.530378297204 
-39458.129148561566 
-39458.74101864394 
-39459.45665366404 
-39455.18445343064 
-39459.306366836216 
-39457.46454720112 
-39457.46454720112 
-39457.83150983807 
-39459.056925723904 
-39459.67242822563 
-39459.4702085651 
-39460.774014084665 
-39459.54387183554 
-39460.990490973934 
-39460.95443968999 
-39460.75723705084 
-39461.35121564113 
-39461.63700722391 
-39461.64880111957 
-39462.00542660875 
-39461.98211518463 
-39462.26438544813 
-39462.258988565896 
-39462.455664977904 
-39462.57446115696 
-39462.724362361485 
-39462.89153478775 
-39463.186632961326 
-39463.36603308065 
-39463.563355348306 
-39463.563355348306 
-39403.789841600264 
-39403.789841600264 
-39412.358255127394 
-39418.764291871026 
-39424.42825730785 
-39429.97802869046 
-39434.99901625347 
-39439.50736246947 
-39443.90232852001 
-39447.80572581974 
-39451.10093939302 
-39453.607811934315 
-39456.35567253154 
-39457.86010473936 
-39459.482370105216 
-39460.3090111605 
-39461.04763144994 
-39460.89123988025 
-39462.02612856404 
-39461.78214587694 
-39462.25968190414 
-39462.904069504264 
