-427195.27007297747
-427155.2437475883
-427190.8955280187
-427186.1749689556
-427185.5102425633
-427193.9132672883
-427199.8838853662
-427199.2889953553
-427197.0109402632
-427197.36851438537
-427200.4153413163
-427203.550061606
-427204.56399072026
-427203.5970968624
-427203.036284006
-427204.2348419821
-427205.87489709735
-427206.4042583757
-427206.01133553474
-427205.9660074966
-427206.7092673211
-427207.4507801718
-427207.53883691557
-427207.31721904885
-427207.46531218005
-427207.9962782503
-427208.39706621616
-427208.4610637965
-427208.41417356645
-427208.4817948191
-427208.6729201915
-427208.852867352
-427208.92834434327
-427208.94633897016
-427209.0227961508
-427209.18441743596
-427209.2847596765
-427209.25790219335
-427209.24779858155
-427209.34748182807
-427209.48265666113
-427209.5291299103
-427209.47327952384
-427209.44492336956
-427209.53078997246
-427209.6374429047
-427209.66007811384
-427209.62253162445
-427209.61936345795
-427209.6846957352
