93989.953125
70421.15625
60346.3828125
54668.51953125
50784.92578125
48588.38671875
46758.9140625
44493.5703125
42427.5078125
40849.15625
39722.3515625
38827.328125
37930.69140625
37038.0390625
36282.26953125
35680.953125
35147.4921875
34624.203125
34115.98828125
33645.4765625
33234.94921875
32905.6875
32656.205078125
32451.580078125
32252.58203125
32051.693359375
31868.869140625
31712.06640625
31560.16796875
31389.08203125
31199.130859375
31009.16015625
30832.6328125
30666.2421875
30500.791015625
30334.478515625
30172.35546875
30019.16796875
29876.171875
29742.005859375
29613.921875
29489.759765625
29369.662109375
29255.44921875
29148.681640625
29049.611328125
28956.44140625
28865.998046875
28777.271484375
28691.876953125
28611.3359375
28535.361328125
28462.560546875
28391.69921875
28322.71484375
28256.04296875
28192.125
28130.6328125
28071.24609375
28014.046875
27958.689453125
27904.578125
27851.419921875
27799.265625
27748.00390625
27696.91015625
27645.19140625
27592.3203125
27538.39453125
27483.453125
27427.28515625
27369.53515625
27310.10546875
27248.984375
27186.28515625
27122.244140625
27057.376953125
26992.4140625
26928.08203125
26865.224609375
26804.7890625
26748.001953125
26695.92578125
26649.046875
26607.14453125
26569.546875
26535.140625
26502.828125
26472.08203125
26443.29296875
26417.345703125
26394.8046875
26375.361328125
26357.859375
26340.97265625
26323.90625
26306.876953125
26290.642578125
26275.77734375
26262.10546875
26248.853515625
26235.19140625
26220.83984375
26206.37109375
26192.53125
26179.4375
26166.7578125
26154.109375
26141.19921875
26128.0390625
26115.224609375
26102.94140625
26090.953125
26079.05859375
26067.0859375
26055.060546875
26043.30859375
26031.8203125
26020.505859375
26009.1953125
25997.69140625
25986.06640625
25974.46875
25962.83203125
25951.15625
25939.32421875
25927.29296875
25915.19921875
25903.095703125
25890.994140625
25878.681640625
25865.96875
25852.86328125
25839.408203125
25825.640625
25811.546875
25797.05859375
25782.06640625
25766.51953125
25750.294921875
25733.3515625
25715.64453125
25697.025390625
25677.453125
25656.88671875
25635.21875
25612.41015625
25588.423828125
25563.23828125
25536.83984375
25509.3046875
25480.65234375
25451.0234375
25420.544921875
25389.4140625
25357.76171875
25325.76953125
25293.615234375
25261.466796875
25229.56640625
25198.1484375
25167.556640625
25138.05859375
25109.958984375
25083.630859375
25059.17578125
25036.2109375
25014.447265625
24994.173828125
24975.34765625
24958.029296875
24942.45703125
24928.41796875
24915.150390625
24902.51953125
24890.810546875
24880.0625
24870.078125
24860.751953125
24851.83203125
24843.40625
24835.46484375
24827.96484375
24820.8515625
24813.98828125
24807.423828125
24801.10546875
24794.962890625
24789.076171875
24783.4140625
24777.90234375
24772.5546875
24767.328125
24762.255859375
24757.267578125
24752.390625
24747.623046875
24742.970703125
24738.40625
24733.91796875
