24733.91796875
25428.703125
25292.392578125
25028.6953125
24903.03515625
25023.265625
24913.138671875
24763.703125
24732.150390625
24721.8515625
24678.02734375
24639.83203125
24625.79296875
24607.080078125
24577.333984375
24566.234375
24562.40625
24535.88671875
24508.203125
24501.00390625
24505.65234375
24506.25
24494.892578125
24476.474609375
24464.84765625
24460.05859375
24452.9375
24445.875
24444.45703125
24443.642578125
24436.931640625
24427.83203125
24423.96484375
24425.044921875
24422.85546875
24415.431640625
24410.1953125
24411.521484375
24413.16796875
24409.375
24404.083984375
24401.990234375
24401.92578125
24400.9296875
24398.296875
24395.513671875
24394.00390625
24393.30078125
24392.01171875
24389.75
24387.2734375
24385.416015625
24384.21875
24382.541015625
24380.033203125
24377.5703125
24375.3828125
24372.736328125
24369.376953125
24365.9453125
24362.62109375
24358.81640625
24354.27734375
24349.359375
24344.244140625
24338.63671875
24332.33203125
24325.490234375
24318.509765625
24311.38671875
24304.10546875
24297.322265625
24291.78125
24287.9140625
24286.2890625
24287.4140625
24290.46875
24293.18359375
24293.8515625
24292.5234375
24290.26953125
24288.111328125
24286.396484375
24285.05078125
24283.916015625
24282.72265625
24281.34375
24279.8828125
24278.564453125
24277.42578125
24276.46484375
24275.6484375
24274.81640625
24273.84765625
24272.666015625
24271.236328125
24269.71484375
24268.26171875
24267.013671875
24266.154296875
24265.759765625
24265.77734375
24266.015625
24266.27734375
24266.49609375
24266.6484375
24266.7890625
24266.900390625
24266.892578125
24266.673828125
24266.2578125
24265.76953125
24265.32421875
24265.0390625
24264.880859375
24264.82421875
24264.810546875
24264.80078125
24264.7734375
24264.734375
24264.72265625
24264.720703125
24264.724609375
24264.720703125
24264.66796875
24264.57421875
24264.46484375
24264.341796875
24264.23046875
24264.150390625
24264.078125
24264.0234375
24263.96484375
24263.9296875
24263.890625
24263.8515625
24263.796875
24263.75390625
24263.72265625
24263.67578125
24263.640625
24263.5859375
24263.529296875
24263.4765625
24263.43359375
24263.388671875
24263.3515625
24263.291015625
24263.234375
24263.18359375
24263.142578125
24263.111328125
24263.076171875
24263.04296875
24263.01953125
24263.005859375
24262.9765625
24262.9609375
24262.931640625
24262.90234375
24262.876953125
24262.875
24262.90625
24262.96484375
24263.0234375
24262.990234375
24262.8203125
24262.728515625
24262.79296875
24262.849609375
24262.78125
24262.69140625
24262.716796875
24262.75
24262.6875
24262.6328125
24262.666015625
24262.6796875
24262.642578125
24262.634765625
24262.640625
24262.59375
24262.521484375
24262.53125
24262.5625
24262.54296875
24262.49609375
24262.505859375
24262.525390625
24262.5078125
24262.431640625
24262.400390625
24262.41796875
24262.416015625
24262.390625
24262.37109375
24262.3515625
24262.345703125
24262.337890625
24262.3125
