24244.90234375
26309.072265625
24554.484375
25025.03515625
25412.69140625
24968.384765625
24544.375
24511.013671875
24686.666015625
24752.45703125
24643.390625
24478.486328125
24407.421875
24453.6953125
24502.5078125
24474.28125
24397.662109375
24343.55078125
24348.123046875
24380.484375
24387.201171875
24356.755859375
24320.32421875
24307.46875
24315.302734375
24319.427734375
24306.908203125
24287.96875
24280.919921875
24288.99609375
24295.93359375
24288.6875
24272.88671875
24263.015625
24265.533203125
24272.583984375
24271.96484375
24263.10546875
24256.33984375
24257.755859375
24262.0625
24260.93359375
24254.296875
24249.68359375
24251.298828125
24254.8515625
24254.322265625
24250.138671875
24247.3203125
24248.361328125
24250.3984375
24249.83203125
24247.3125
24246.0390625
24246.82421875
24247.45703125
24246.51953125
24245.201171875
24245.123046875
24245.890625
24245.904296875
24244.939453125
24244.27734375
24244.548828125
24244.87890625
24244.53125
24244.01171875
24244.02734375
24244.298828125
24244.1875
24243.73828125
24243.57421875
24243.779296875
24243.884765625
24243.6484375
24243.41796875
24243.45703125
24243.556640625
24243.44140625
24243.265625
24243.2734375
24243.380859375
24243.33203125
24243.18359375
24243.13671875
24243.201171875
24243.208984375
24243.125
24243.0703125
24243.083984375
24243.07421875
24243.00390625
24242.9765625
24242.986328125
24242.97265625
24242.9296875
24242.896484375
24242.888671875
24242.876953125
24242.837890625
24242.814453125
24242.814453125
24242.7890625
24242.751953125
24242.73046875
24242.72265625
24242.69921875
24242.66796875
24242.6484375
24242.626953125
24242.595703125
24242.5546875
24242.517578125
24242.478515625
24242.431640625
24242.384765625
24242.33203125
24242.259765625
24242.19140625
24242.111328125
24242.037109375
24241.943359375
24241.83203125
24241.724609375
24241.595703125
24241.458984375
24241.306640625
24241.17578125
24241.03125
24240.904296875
24240.765625
24240.62890625
24240.501953125
24240.38671875
24240.263671875
24240.166015625
24240.09765625
24240.00390625
24239.91015625
24239.8203125
24239.7421875
24239.65234375
24239.576171875
24239.5078125
24239.4453125
24239.37109375
24239.296875
24239.2265625
24239.166015625
24239.1015625
24239.04296875
24238.9765625
24238.91796875
24238.861328125
24238.80078125
24238.732421875
24238.669921875
24238.607421875
24238.5390625
24238.46875
24238.4140625
24238.375
24238.310546875
24238.265625
24238.212890625
24238.162109375
24238.11328125
24238.068359375
24238.02734375
24237.986328125
24237.9609375
24237.912109375
24237.884765625
24237.8515625
24237.8203125
24237.79296875
24237.76171875
24237.74609375
24237.71875
24237.693359375
24237.6796875
24237.65234375
24237.630859375
24237.62109375
24237.599609375
24237.5859375
24237.5859375
24237.572265625
24237.56640625
24237.544921875
24237.533203125
24237.53125
24237.53515625
24237.533203125
24237.53125
24237.517578125
24237.517578125
24237.51171875
24237.50390625
24237.498046875
