2502492684288.0
101444176.0
16570985.0
219195248.0
35246060.0
8128852.5
4022454.0
2591986.25
1880748.125
1501954.5
1297305.25
1211209.875
1227419.125
1324780.875
1445258.5
1509084.75
1474283.25
1365449.625
1234772.375
1115725.5
1015319.375
927916.5625
846965.8125
769014.1875
694010.4375
623443.4375
559135.9375
502350.03125
453578.15625
412666.90625
378931.0
351411.4375
328962.875
310409.59375
294664.96875
280870.5625
268453.0625
257084.34375
246626.4375
237024.6875
228242.546875
220234.78125
212948.40625
206323.75
200299.15625
194818.375
189822.9375
185268.609375
181110.09375
177309.265625
173831.828125
170648.1875
167728.484375
165049.796875
162586.71875
160317.109375
158222.796875
156284.4375
154485.203125
152810.765625
151247.671875
149783.875
148409.59375
147115.609375
145894.71875
144740.015625
143645.953125
142607.4375
141620.40625
140679.078125
139780.203125
138919.296875
138092.296875
137296.96875
136529.8125
135789.078125
135071.53125
134375.890625
133700.234375
133043.125
132403.3125
131779.71875
131171.171875
130577.0859375
129996.0625
129427.375
128871.4296875
128325.765625
127790.5625
127265.703125
126750.265625
126242.96875
125743.9765625
125254.5
124772.234375
124297.265625
123829.96875
123369.296875
122915.078125
122468.15625
122027.0
121591.3125
121161.5234375
120738.1875
120319.7421875
119906.3046875
119497.3125
119093.5703125
118694.8046875
118300.953125
117910.96875
117525.46875
117143.875
116765.75
116392.828125
116023.3125
115656.984375
115294.65625
114935.7578125
114581.34375
114229.6171875
113881.171875
113535.328125
113193.59375
112854.90625
112519.3671875
112187.265625
111857.671875
111531.6875
111208.7578125
110889.59375
110572.765625
110259.265625
109948.59375
109641.3359375
109336.1484375
109034.046875
108734.8046875
108437.828125
108143.171875
107851.0
107561.7421875
107274.65625
106989.1875
106707.203125
106427.046875
106148.890625
105872.484375
105599.609375
105328.3671875
105059.28125
104792.3125
104527.421875
104264.640625
104004.0078125
103745.71875
103489.2265625
103234.359375
102981.9296875
102731.15625
102481.921875
102235.15625
101990.015625
101746.640625
101505.296875
101265.46875
101027.625
100791.6484375
100557.140625
100325.015625
100093.90625
99864.265625
99636.28125
99410.6875
99186.5078125
98963.2265625
98742.15625
98522.46875
98303.71875
98086.671875
97871.375
97656.8125
97443.90625
97232.609375
97022.28125
96813.21875
96604.765625
96398.09375
96192.6015625
95988.0078125
95784.46875
95581.9375
95379.46875
95177.8046875
94976.6171875
94776.359375
94577.125
94379.53125
94183.6953125
93989.953125
