24262.3125
25411.44921875
24538.48046875
24857.4765625
24885.16015625
24712.2890625
24567.87109375
24424.20703125
24487.703125
24557.408203125
24508.880859375
24419.23828125
24378.9921875
24404.818359375
24416.505859375
24386.7109375
24353.3671875
24342.384765625
24352.50390625
24350.853515625
24323.142578125
24307.4765625
24315.53125
24320.734375
24316.673828125
24303.5234375
24289.216796875
24289.919921875
24296.3515625
24294.19140625
24287.50390625
24280.853515625
24278.216796875
24280.72265625
24280.927734375
24277.880859375
24274.404296875
24271.833984375
24272.91796875
24273.107421875
24270.4453125
24269.0234375
24268.416015625
24268.90234375
24268.375
24266.041015625
24266.2421875
24266.498046875
24265.302734375
24264.3671875
24264.03125
24265.0390625
24264.8125
24263.33984375
24262.8828125
24262.94921875
24263.279296875
24262.88671875
24262.3984375
24262.33203125
24262.228515625
24262.24609375
24261.90625
24261.8046875
24261.80859375
24261.701171875
24261.61328125
24261.4453125
24261.53125
24261.44140625
24261.28125
24261.24609375
24261.294921875
24261.244140625
24261.076171875
24261.1015625
24261.14453125
24261.0859375
24260.958984375
24260.94140625
24260.95703125
24260.939453125
24260.896484375
24260.84375
24260.82421875
24260.775390625
24260.76171875
24260.740234375
24260.734375
24260.70703125
24260.69140625
24260.671875
24260.66796875
24260.64453125
24260.62890625
24260.63671875
24260.615234375
24260.578125
24260.56640625
24260.552734375
24260.541015625
24260.5234375
24260.5078125
24260.501953125
24260.486328125
24260.46875
24260.44140625
24260.4296875
24260.423828125
24260.38671875
24260.37109375
24260.36328125
24260.33203125
24260.326171875
24260.31640625
24260.30078125
24260.2734375
24260.26953125
24260.2578125
24260.2421875
24260.234375
24260.21484375
24260.193359375
24260.1796875
24260.16015625
24260.15234375
24260.130859375
24260.125
24260.10546875
24260.09375
24260.078125
24260.0703125
24260.05859375
24260.041015625
24260.029296875
24260.013671875
24259.99609375
24259.984375
24259.970703125
24259.9453125
24259.9375
24259.923828125
24259.896484375
24259.876953125
24259.8515625
24259.82421875
24259.80078125
24259.767578125
24259.734375
24259.6953125
24259.66015625
24259.6171875
24259.578125
24259.54296875
24259.501953125
24259.458984375
24259.3984375
24259.3359375
24259.24609375
24259.1328125
24259.009765625
24258.85546875
24258.673828125
24258.4375
24258.134765625
24257.7734375
24257.375
24256.8828125
24256.3203125
24255.76953125
24255.2109375
24254.66796875
24254.12109375
24253.587890625
24253.064453125
24252.525390625
24252.01953125
24251.509765625
24251.05078125
24250.587890625
24250.13671875
24249.65234375
24249.1953125
24248.673828125
24248.13671875
24247.611328125
24247.17578125
24246.90234375
24246.736328125
24246.546875
24246.330078125
24246.0703125
24245.734375
24245.416015625
24245.265625
24245.23046875
24245.1328125
24245.017578125
24244.939453125
24244.90234375
