-50956.1484375
-50108.81640625
-50830.3515625
-50734.0234375
-50566.15625
-50644.375
-50766.296875
-50828.80859375
-50830.6171875
-50812.8515625
-50814.19921875
-50841.6953125
-50875.48046875
-50895.1953125
-50897.44921875
-50892.4453125
-50893.21484375
-50902.55859375
-50915.80859375
-50927.44140625
-50933.078125
-50932.85546875
-50931.41796875
-50933.66796875
-50939.94921875
-50946.59765625
-50949.875
-50950.1484375
-50950.62890625
-50952.7265625
-50955.484375
-50957.734375
-50958.9609375
-50960.18359375
-50961.74609375
-50963.0859375
-50963.98046875
-50964.6796875
-50965.34765625
-50966.10546875
-50966.96484375
-50967.62890625
-50968.3046875
-50969.0078125
-50969.39453125
-50969.546875
-50969.83203125
-50970.33203125
-50970.7578125
-50970.98046875
