-50970.984375
-50161.01171875
-50848.02734375
-50753.3125
-50597.453125
-50661.203125
-50772.83984375
-50838.40234375
-50844.55078125
-50827.75
-50826.99609375
-50850.3515625
-50881.75390625
-50899.26953125
-50901.27734375
-50900.15234375
-50903.921875
-50912.515625
-50922.5
-50929.69921875
-50933.53515625
-50935.47265625
-50937.81640625
-50941.48828125
-50945.953125
-50950.31640625
-50953.1640625
-50954.3671875
-50955.0234375
-50956.16015625
-50958.2421875
-50960.8203125
-50962.65625
-50963.80078125
-50964.4375
-50965.28515625
-50966.46875
-50967.59375
-50968.33984375
-50968.734375
-50969.29296875
-50970.0859375
-50970.890625
-50971.34375
-50971.51171875
-50971.8359375
-50972.35546875
-50972.87890625
-50973.25
-50973.4140625
