-50802.265625
-50171.6171875
-50679.62890625
-50619.24609375
-50541.94921875
-50602.24609375
-50677.98828125
-50720.80859375
-50736.76953125
-50742.64453125
-50750.11328125
-50764.76953125
-50783.4375
-50798.25390625
-50805.9453125
-50810.40234375
-50815.6328125
-50822.05859375
-50827.8984375
-50833.1796875
-50838.140625
-50843.00390625
-50847.4765625
-50850.91015625
-50854.02734375
-50857.55859375
-50860.69140625
-50863.0390625
-50865.26953125
-50867.93359375
-50870.30859375
-50872.1796875
-50873.7265625
-50875.14453125
-50877.0078125
-50878.94140625
-50880.63671875
-50881.9609375
-50883.109375
-50884.234375
-50885.54296875
-50886.7890625
-50887.7578125
-50888.7734375
-50889.84765625
-50891.1015625
-50892.34375
-50893.4921875
-50894.59765625
-50895.7734375
