-49505.890625
-49421.51953125
-49947.92578125
-50044.63671875
-50040.5546875
-50109.36328125
-50176.71484375
-50217.1875
-50240.13671875
-50265.76171875
-50311.8203125
-50367.55859375
-50416.7109375
-50456.0625
-50495.296875
-50531.16015625
-50558.86328125
-50579.6171875
-50595.328125
-50607.94921875
-50619.38671875
-50630.453125
-50641.20703125
-50652.58203125
-50665.3203125
-50678.65625
-50690.84765625
-50700.71875
-50708.0859375
-50714.8359375
-50721.0234375
-50726.85546875
-50732.2890625
-50737.76953125
-50743.78125
-50749.7109375
-50754.82421875
-50759.13671875
-50763.3203125
-50767.26953125
-50771.3671875
-50775.20703125
-50779.59375
-50782.83984375
-50786.0390625
-50789.57421875
-50793.125
-50796.15234375
-50799.0234375
-50802.10546875
