-50973.39453125
-50214.2421875
-50853.71484375
-50771.98828125
-50639.1484375
-50699.4921875
-50808.2734375
-50869.60546875
-50873.58984375
-50858.84375
-50863.06640625
-50887.68359375
-50913.3984375
-50927.8828125
-50932.79296875
-50934.78125
-50939.25
-50945.79296875
-50953.26953125
-50960.484375
-50965.41796875
-50967.484375
-50970.08203125
-50974.8515625
-50979.60546875
-50981.875
-50982.40234375
-50983.78125
-50986.65234375
-50990.078125
-50992.86328125
-50993.79296875
-50993.5703125
-50994.10546875
-50996.05078125
-50998.17578125
-50999.50390625
-50999.6875
-50999.87890625
-51000.8125
-51001.84765625
-51002.57421875
-51003.1171875
-51003.6796875
-51004.12109375
-51004.5
-51004.91796875
-51005.2265625
-51005.6640625
-51005.9453125
