-50953.2890625
-50122.69921875
-50834.90234375
-50727.890625
-50567.12109375
-50635.703125
-50753.97265625
-50819.109375
-50828.37890625
-50811.5859375
-50807.14453125
-50830.078125
-50864.84375
-50886.14453125
-50887.828125
-50883.72265625
-50885.30859375
-50893.359375
-50904.140625
-50913.27734375
-50918.3828125
-50919.56640625
-50920.0625
-50923.0078125
-50928.390625
-50933.52734375
-50936.1640625
-50936.80078125
-50936.9765625
-50938.83984375
-50941.96875
-50944.73828125
-50945.8984375
-50946.11328125
-50946.61328125
-50947.93359375
-50949.55859375
-50950.6328125
-50951.17578125
-50951.4296875
-50952.05078125
-50952.87890625
-50953.53515625
-50953.9453125
-50954.3984375
-50954.75
-50955.0703125
-50955.58984375
-50955.93359375
-50956.16015625
