-50895.80859375
-50187.24609375
-50784.93359375
-50690.6171875
-50571.7734375
-50649.84375
-50747.734375
-50786.48046875
-50784.75
-50779.62109375
-50787.8125
-50812.33203125
-50837.1875
-50847.8359375
-50849.171875
-50850.859375
-50855.5625
-50863.3671875
-50872.22265625
-50879.31640625
-50883.98046875
-50887.5390625
-50891.1328125
-50895.48828125
-50899.84765625
-50902.7265625
-50904.25
-50906.21875
-50909.1640625
-50912.43359375
-50914.91796875
-50916.390625
-50917.88671875
-50920.11328125
-50922.6015625
-50924.45703125
-50925.70703125
-50926.75
-50927.87109375
-50929.26171875
-50930.58203125
-50931.37109375
-50932.1171875
-50933.1484375
-50934.25390625
-50935.26171875
-50935.82421875
-50936.48046875
-50937.05078125
-50937.77734375
