-51005.8828125
-50197.18359375
-50890.08984375
-50793.53515625
-50630.34765625
-50689.87109375
-50814.1796875
-50882.4296875
-50879.625
-50854.51953125
-50854.796875
-50886.22265625
-50922.82421875
-50940.3984375
-50937.8671875
-50931.921875
-50935.3046875
-50947.328125
-50960.1328125
-50968.359375
-50970.60546875
-50969.92578125
-50971.01171875
-50975.27734375
-50981.25
-50985.9140625
-50988.36328125
-50989.34375
-50989.765625
-50990.7890625
-50993.00390625
-50995.375
-50997.14453125
-50998.21875
-50999.15234375
-51000.1484375
-51001.2109375
-51001.97265625
-51002.4921875
-51003.0
-51003.57421875
-51004.10546875
-51004.83984375
-51005.4296875
-51005.83203125
-51006.0859375
-51006.3515625
-51006.75390625
-51007.08203125
-51007.328125
