-50938.01953125
-50195.4296875
-50824.3515625
-50735.4609375
-50597.796875
-50667.9921875
-50776.375
-50829.16796875
-50826.58203125
-50812.8359375
-50819.484375
-50843.71875
-50869.26953125
-50882.40234375
-50883.60546875
-50883.73046875
-50890.0546875
-50899.296875
-50906.5234375
-50910.90234375
-50914.38671875
-50917.3515625
-50920.5625
-50923.94140625
-50927.6875
-50930.9296875
-50933.19140625
-50934.6875
-50936.00390625
-50937.609375
-50939.65625
-50941.5859375
-50942.66015625
-50943.49609375
-50944.38671875
-50945.64453125
-50946.76953125
-50947.5546875
-50948.11328125
-50948.6328125
-50949.46484375
-50950.49609375
-50951.04296875
-50950.9921875
-50951.18359375
-50951.8125
-50952.61328125
-50953.0234375
-50953.13671875
-50953.28125
