-1576.50352193
-1576.50728118
-1576.51520472
-1576.51526494
-1576.52060863
-1576.52123041
-1576.52584401
-1576.52678261
-1576.53017344
-1576.53344550
-1576.53623042
-1576.54047532
-1576.54214962
-1576.54692849
-1576.55457625
-1576.56203018
-1576.56502822
-1576.57283084
-1576.58252798
-1576.58468608
-1576.59227940
-1576.60179122
-1576.61157944
-1576.62008877
-1576.62013854
-1576.63144485
-1576.63978243
-1576.64575034
-1576.65370061
-1576.67251391
-1576.68603588
-1576.70217944
-1576.70815686
-1576.70661532
-1576.70964934
-1576.72698361
-1576.73328408
-1576.74672080
-1576.75248942
-1576.75208353
-1576.75429630
-1576.76563463
-1576.77232406
-1576.78281950
-1576.78764700
-1576.79498411
-1576.80704242
-1576.81898694
-1576.82660683
-1576.83554065
-1576.84110303
-1576.85331010
-1576.86386043
-1576.87458963
-1576.87978656
-1576.88125284
-1576.88205082
-1576.89159222
-1576.90858853
-1576.91056615
-1576.92249802
-1576.93140314
-1576.94258280
-1576.94575709
-1576.94630277
-1576.94701275
-1576.95916456
-1576.96260155
-1576.97496627
-1576.97959399
-1576.97884671
-1576.98095589
-1576.99294148
-1576.99675372
-1577.00751735
-1577.00995270
-1577.01934297
-1577.02050341
-1577.02664004
-1577.03362351
-1577.04169083
-1577.05417407
-1577.06612260
-1577.07480368
-1577.08265359
-1577.09182501
-1577.10201078
-1577.10816112
-1577.11981285
-1577.12326479
-1577.13351701
-1577.13506247
-1577.14257284
-1577.14423254
-1577.15055198
-1577.15516875
-1577.16070906
-1577.17100262
-1577.16346693
-1577.17266086
-1577.18621465
-1577.19221737
-1577.20092894
-1577.20360244
-1577.21157608
-1577.21778367
-1577.22596492
-1577.22812530
-1577.23526968
-1577.23643609
-1577.24377668
-1577.24481854
-1577.25028215
-1577.25248777
-1577.25718751
-1577.26097998
-1577.26692599
-1577.26945784
-1577.27400169
-1577.27556222
-1577.27953225
-1577.28041844
-1577.28422026
-1577.28606535
-1577.29009199
-1577.29133070
-1577.29554163
-1577.29824958
-1577.30174493
-1577.30663093
-1577.30712069
-1577.31121019
-1577.31707404
-1577.32263947
-1577.32972960
-1577.33523616
-1577.34414453
-1577.35300162
-1577.35724747
-1577.35856548
-1577.35913762
-1577.36672604
-1577.37102228
-1577.37145328
-1577.37795401
-1577.37961408
-1577.38550231
-1577.38764801
-1577.39513869
-1577.39661415
-1577.40233050
-1577.40378753
-1577.41094572
-1577.41372058
-1577.42060222
-1577.42457398
-1577.43273508
-1577.43495200
-1577.44240318
-1577.44345830
-1577.45091100
-1577.45212483
-1577.45197951
-1577.45245401
-1577.45900115
-1577.46093845
-1577.46880151
-1577.46998573
-1577.47747238
-1577.47856306
-1577.48620727
-1577.48686517
-1577.49247224
-1577.49285324
-1577.49846736
-1577.49969736
-1577.50056284
-1577.50337749
-1577.50830048
-1577.50976745
-1577.51047394
-1577.51872287
-1577.52402117
-1577.53017250
-1577.53325030
-1577.53724291
-1577.53856748
-1577.54035841
-1577.54069344
-1577.54104732
-1577.54641826
-1577.54834173
-1577.54845257
-1577.55266747
-1577.55348752
-1577.55421005
-1577.56001150
-1577.56157354
-1577.56576999
-1577.56798295
-1577.56587139
-1577.56822598
-1577.57382307
-1577.57511587
-1577.57976846
-1577.58072728
-1577.58475338
-1577.58693118
-1577.58732382
-1577.59250373
-1577.59319445
-1577.59836457
-1577.60037255
-1577.60478882
-1577.60746122
-1577.61300420
-1577.61593208
-1577.62116541
-1577.62531896
-1577.63113803
-1577.63623290
-1577.64291701
-1577.64447698
-1577.64485428
-1577.64508349
-1577.64514215
-1577.65156644
-1577.65280397
-1577.65326204
-1577.65812797
-1577.66117944
-1577.66556581
-1577.66746938
-1577.67070563
-1577.67167531
-1577.67380189
-1577.67439538
-1577.67639679
-1577.67744602
-1577.67951745
-1577.68121920
-1577.68331390
-1577.68478830
-1577.68500695
-1577.68723823
-1577.68852333
-1577.68821794
-1577.68881545
-1577.68876884
-1577.68887205
-1577.69110506
-1577.69176204
-1577.69193456
-1577.69204397
-1577.69449651
-1577.69515469
-1577.69489849
-1577.69527543
-1577.69731304
