-1577.69731304
-1577.69527543
-1577.69489849
-1577.69515469
-1577.69449651
-1577.69204397
-1577.69193456
-1577.69176204
-1577.69110506
-1577.68887205
-1577.68876884
-1577.68881545
-1577.68821794
-1577.68852333
-1577.68723823
-1577.68500695
-1577.6847883
-1577.6833139
-1577.6812192
-1577.67951745
-1577.67744602
-1577.67639679
-1577.67439538
-1577.67380189
-1577.67167531
-1577.67070563
-1577.66746938
-1577.66556581
-1577.66117944
-1577.65812797
-1577.65326204
-1577.65280397
-1577.65156644
-1577.64514215
-1577.64508349
-1577.64485428
-1577.64447698
-1577.64291701
-1577.6362329
-1577.63113803
-1577.62531896
-1577.62116541
-1577.61593208
-1577.6130042
-1577.60746122
-1577.60478882
-1577.60037255
-1577.59836457
-1577.59319445
-1577.59250373
-1577.58732382
-1577.58693118
-1577.58475338
-1577.58072728
-1577.57976846
-1577.57511587
-1577.57382307
-1577.56822598
-1577.56587139
-1577.56798295
-1577.56576999
-1577.56157354
-1577.5600115
-1577.55421005
-1577.55348752
-1577.55266747
-1577.54845257
-1577.54834173
-1577.54641826
-1577.54104732
-1577.54069344
-1577.54035841
-1577.53856748
-1577.53724291
-1577.5332503
-1577.5301725
-1577.52402117
-1577.51872287
-1577.51047394
-1577.50976745
-1577.50830048
-1577.50337749
-1577.50056284
-1577.49969736
-1577.49846736
-1577.49285324
-1577.49247224
-1577.48686517
-1577.48620727
-1577.47856306
-1577.47747238
-1577.46998573
-1577.46880151
-1577.46093845
-1577.45900115
-1577.45245401
-1577.45197951
-1577.45212483
-1577.450911
-1577.4434583
-1577.44240318
-1577.434952
-1577.43273508
-1577.42457398
-1577.42060222
-1577.41372058
-1577.41094572
-1577.40378753
-1577.4023305
-1577.39661415
-1577.39513869
-1577.38764801
-1577.38550231
-1577.37961408
-1577.37795401
-1577.37145328
-1577.37102228
-1577.36672604
-1577.35913762
-1577.35856548
-1577.35724747
-1577.35300162
-1577.34414453
-1577.33523616
-1577.3297296
-1577.32263947
-1577.31707404
-1577.31121019
-1577.30712069
-1577.30663093
-1577.30174493
-1577.29824958
-1577.29554163
-1577.2913307
-1577.29009199
-1577.28606535
-1577.28422026
-1577.28041844
-1577.27953225
-1577.27556222
-1577.27400169
-1577.26945784
-1577.26692599
-1577.26097998
-1577.25718751
-1577.25248777
-1577.25028215
-1577.24481854
-1577.24377668
-1577.23643609
-1577.23526968
-1577.2281253
-1577.22596492
-1577.21778367
-1577.21157608
-1577.20360244
-1577.20092894
-1577.19221737
-1577.18621465
-1577.17266086
-1577.16346693
-1577.17100262
-1577.16070906
-1577.15516875
-1577.15055198
-1577.14423254
-1577.14257284
-1577.13506247
-1577.13351701
-1577.12326479
-1577.11981285
-1577.10816112
-1577.10201078
-1577.09182501
-1577.08265359
-1577.07480368
-1577.0661226
-1577.05417407
-1577.04169083
-1577.03362351
-1577.02664004
-1577.02050341
-1577.01934297
-1577.0099527
-1577.00751735
-1576.99675372
-1576.99294148
-1576.98095589
-1576.97884671
-1576.97959399
-1576.97496627
-1576.96260155
-1576.95916456
-1576.94701275
-1576.94630277
-1576.94575709
-1576.9425828
-1576.93140314
-1576.92249802
-1576.91056615
-1576.90858853
-1576.89159222
-1576.88205082
-1576.88125284
-1576.87978656
-1576.87458963
-1576.86386043
-1576.8533101
-1576.84110303
-1576.83554065
-1576.82660683
-1576.81898694
-1576.80704242
-1576.79498411
-1576.787647
-1576.7828195
-1576.77232406
-1576.76563463
-1576.7542963
-1576.75208353
-1576.75248942
-1576.7467208
-1576.73328408
-1576.72698361
-1576.70964934
-1576.70661532
-1576.70815686
-1576.70217944
-1576.68603588
-1576.67251391
-1576.65370061
-1576.64575034
-1576.63978243
-1576.63144485
-1576.62013854
-1576.62008877
-1576.61157944
-1576.60179122
-1576.5922794
-1576.58468608
-1576.58252798
-1576.57283084
-1576.56502822
-1576.56203018
-1576.55457625
-1576.54692849
-1576.54214962
-1576.54047532
-1576.53623042
-1576.5334455
-1576.53017344
-1576.52678261
-1576.52584401
-1576.52123041
-1576.52060863
-1576.51526494
-1576.51520472
-1576.50728118
-1576.50352193
-1576.49784321
-1576.50449858
-1576.50637672
-1576.50786342
-1576.50978171
-1576.51509268
-1576.52310729
-1576.52818598
-1576.52826365
-1576.53550433
-1576.54747539
-1576.55447927
-1576.55843412
-1576.55927927
-1576.56389135
-1576.57380361
-1576.57549601
-1576.57766597
-1576.58862866
-1576.60245745
-1576.6181062
-1576.62493993
-1576.62802029
-1576.62850235
-1576.63894152
-1576.65075294
-1576.66187803
-1576.66770074
-1576.67486813
-1576.68221326
-1576.69258891
-1576.69511494
-1576.70306761
-1576.7061203
-1576.71260305
-1576.71358827
-1576.72011701
-1576.72491802
-1576.73045351
-1576.73955876
-1576.74928336
-1576.75217287
-1576.75955689
-1576.76278033
-1576.76856101
-1576.77384755
-1576.78358182
-1576.78608506
-1576.79305172
-1576.79393257
-1576.8036627
-1576.80899833
-1576.81506204
-1576.82315575
-1576.829503
-1576.83646182
-1576.84312981
-1576.84655817
-1576.85139083
-1576.85405482
-1576.8585954
-1576.86041993
-1576.86491429
-1576.86757585
-1576.87232532
-1576.87546273
-1576.88026758
-1576.88422648
-1576.88971221
-1576.89477509
-1576.9005784
-1576.90632445
-1576.906735
-1576.91180262
-1576.9210575
-1576.93211936
-1576.93654032
-1576.93456266
-1576.93747083
-1576.94442195
-1576.95184443
-1576.96249934
-1576.96881825
-1576.97350497
-1576.98549906
-1576.99084391
-1576.99535064
-1577.01288779
-1577.0183229
-1577.02007681
-1577.02078186
-1577.03972956
-1577.04257498
-1577.05490817
-1577.05724285
-1577.06676946
-1577.06817202
-1577.07687074
-1577.07833635
-1577.08721402
-1577.08847957
-1577.09706158
-1577.10252862
-1577.10564422
-1577.10582797
-1577.11121795
-1577.12130858
-1577.12288988
-1577.13289571
-1577.1418939
-1577.15213983
-1577.15546285
-1577.15583313
-1577.15664763
-1577.16493466
-1577.16839473
-1577.16480226
-1577.16876721
-1577.17605742
-1577.18016496
-1577.18839629
-1577.19027596
-1577.19696523
-1577.19898283
-1577.19985129
-1577.20458845
-1577.20867728
-1577.21536968
-1577.21996872
-1577.22573897
-1577.22700476
-1577.23068698
-1577.23183934
-1577.23566517
-1577.23731395
-1577.24029145
-1577.24590325
-1577.24213766
-1577.24695414
-1577.25060778
-1577.25419417
-1577.25097994
-1577.25458349
-1577.25921787
-1577.26183147
-1577.26042246
-1577.26233943
-1577.26821062
-1577.27192251
-1577.2782926
-1577.27972614
-1577.28553884
-1577.28665667
-1577.29245224
-1577.29699868
-1577.29748842
-1577.30393982
-1577.30614833
-1577.31353591
-1577.31559032
-1577.32136088
-1577.32560894
-1577.33284604
-1577.33776327
-1577.33794737
-1577.34341332
-1577.35420315
-1577.35256852
-1577.35718421
-1577.366918
-1577.37461505
-1577.38277135
-1577.3867535
-1577.3935095
-1577.39490516
-1577.3953598
-1577.40155608
-1577.40341959
-1577.40415114
-1577.41293945
-1577.41426291
-1577.4145749
-1577.42032891
-1577.42088747
-1577.42080752
-1577.4210434
-1577.42489639
-1577.42561279
-1577.42856398
-1577.42964177
-1577.43173364
-1577.43338175
-1577.43594184
-1577.43789557
-1577.44035046
-1577.44341254
-1577.44564926
-1577.44902211
-1577.4451419
-1577.44932836
-1577.45254457
-1577.45384919
-1577.45403973
-1577.45715271
-1577.45840366
-1577.46124754
-1577.46236681
-1577.46557482
-1577.46616892
-1577.4689664
-1577.4695999
-1577.47245447
-1577.47302296
-1577.47536029
-1577.47676245
-1577.47979477
-1577.48070448
-1577.48168801
-1577.48339894
-1577.48427733
-1577.48867607
-1577.49055243
-1577.49296913
-1577.49244911
-1577.49364563
-1577.4988004
-1577.49975227
-1577.50260682
-1577.5041389
-1577.50728468
-1577.50807143
-1577.51056332
-1577.51121581
-1577.51320197
-1577.51526032
-1577.51771836
-1577.51904105
-1577.52128804
-1577.52160465
-1577.52363308
-1577.52477873
-1577.5270752
-1577.52805774
-1577.52812372
-1577.52808216
-1577.52811536
-1577.52811151
-1577.52811813
-1577.52967719
-1577.53103548
-1577.53188613
-1577.53422828
-1577.53648288
-1577.53438276
-1577.53678234
-1577.55375058
-1577.55463148
-1577.55468694
-1577.55468658
-1577.55469218
-1577.55552993
-1577.55571251
-1577.55644716
-1577.55653754
-1577.5571192
-1577.55727163
-1577.55767473
-1577.558051
-1577.55849808
-1577.55916661
-1577.55961002
-1577.56029971
-1577.56064309
-1577.56133436
-1577.56196799
-1577.5617564
-1577.56211149
-1577.56205315
-1577.56210882
-1577.56208589
-1577.56210508
-1577.56210218
-1577.56210713
-1577.56235915
-1577.56252245
-1577.56280381
-1577.56310354
-1577.56317991
-1577.56334389
-1577.5635248
-1577.56371525
-1577.56390097
-1577.56414843
-1577.56442928
-1577.5646945
-1577.56494599
-1577.56520134
-1577.56544338
-1577.56576254
-1577.56616857
-1577.56650618
-1577.56672171
-1577.56692158
-1577.56713999
-1577.56737113
-1577.56771721
-1577.56816012
-1577.56845409
-1577.56863585
-1577.56859681
-1577.56866279
-1577.56863603
-1577.56864538
-1577.56896225
-1577.56904355
-1577.56916097
-1577.56953375
-1577.56968568
-1577.56974893
-1577.56973344
-1577.56977854
-1577.56976711
-1577.56977313
-1577.56999421
-1577.57013686
-1577.57032613
-1577.57069882
-1577.57116705
-1577.57173325
-1577.57223117
-1577.57280954
-1577.57309095
-1577.57329057
-1577.57366189
-1577.57428812
-1577.57502528
-1577.57572035
-1577.5771846
-1577.5781314
-1577.57815039
-1577.57817423
-1577.57816042
-1577.5781758
-1577.57817534
-1577.57817332
-1577.57886119
-1577.58025768
-1577.58196908
-1577.58141257
-1577.58235431
-1577.58449023
-1577.58692414
-1577.58873826
-1577.5915258
-1577.59539205
-1577.59961773
-1577.60257938
-1577.60314213
-1577.60833863
-1577.61057383
-1577.61589996
-1577.61738894
-1577.61846042
-1577.62147348
-1577.62547392
-1577.63043003
-1577.63162215
-1577.63216787
-1577.63223242
-1577.63228497
-1577.63228415
-1577.63226678
-1577.63227043
-1577.63227471
-1577.63227427
-1577.63459098
-1577.63518332
-1577.63535546
-1577.63538449
-1577.63782908
-1577.63854778
-1577.64071365
-1577.64171276
-1577.64335286
-1577.6455004
-1577.64723847
-1577.64958196
-1577.64666764
-1577.64982487
-1577.65157788
-1577.65209485
-1577.65232609
-1577.65229594
-1577.65236691
-1577.65234247
-1577.65234934
-1577.65234801
-1577.65235467
-1577.65426739
-1577.65507169
-1577.65688459
-1577.65761841
-1577.65921283
-1577.66204927
-1577.66460581
-1577.66577514
-1577.66806952
-1577.66905907
-1577.66945907
-1577.66947274
-1577.66947658
-1577.6694682
-1577.66947437
-1577.66947717
-1577.66947727
-1577.67062359
-1577.67206859
-1577.67333734
-1577.67576675
-1577.67695426
-1577.6781695
-1577.67893685
-1577.67819642
-1577.67904158
-1577.67996007
-1577.68099965
-1577.68197691
-1577.68346933
-1577.68533269
-1577.68696018
-1577.68766483
-1577.68911462
-1577.68957861
-1577.69078504
-1577.69115085
-1577.69229372
-1577.69298118
-1577.69433864
-1577.69530059
-1577.69640569
-1577.69781156
-1577.69893567
-1577.70041539
-1577.70064368
-1577.70096092
-1577.70268236
-1577.70437656
-1577.70524997
-1577.70528368
-1577.70533775
-1577.70754608
-1577.71011013
-1577.70869522
-1577.71057159
-1577.71379885
-1577.71555177
-1577.7184292
-1577.7202398
-1577.72075926
-1577.72511823
-1577.72711311
-1577.73165668
-1577.73261672
-1577.73668959
-1577.73780106
-1577.74254218
-1577.74414188
-1577.74841726
-1577.74989308
-1577.75311309
-1577.75511164
-1577.7553812
-1577.75551205
-1577.75868821
