-36302.587032177005 
-32176.541155457657 
-32176.541155457657 
-33311.29023184927 
-33773.24806906074 
-33773.24806906074 
-34354.775500683594 
-34750.47732773015 
-35056.78342888466 
-35304.749592464716 
-35480.36225134125 
-35632.14724574841 
-35749.455022582704 
-35846.9313503699 
-35924.059052713106 
-35997.2794148563 
-36049.57229433128 
-36049.57229433128 
-35946.640154480076 
-35946.640154480076 
-34432.3781966601 
-33512.503318755626 
-34883.62099741379 
-34883.62099741379 
-34040.14179864886 
-34442.48934334032 
-34919.601173620205 
-34451.677732876065 
-35197.14352947899 
-35398.246451668194 
-35530.68318648207 
-35613.709337662 
-35680.79873279527 
-35740.043200186396 
-35793.81714743051 
-35847.120331372746 
-35893.88524665874 
-35941.45809715819 
-35985.688317170185 
-35985.688317170185 
-35902.58299542899 
-36011.917662690445 
-35730.81411598273 
-36014.6882810554 
-35911.682386887 
-36043.352411531436 
-36048.05530066916 
-36096.43518398205 
-36112.0570641972 
-36112.56719449803 
-36164.333586375375 
-36169.6977192079 
-36196.76365108445 
-36205.86479524992 
-36226.689630204615 
-36236.82572438439 
-36252.89811242095 
