-35896.60779948791 
-30422.4100773814 
-34165.55874254534 
-35723.088581640186 
-35717.57071004047 
-35373.94991836072 
-35493.64924493294 
-35493.64924493294 
-35627.01526736311 
-35696.9817901093 
-35754.2769105073 
-35809.10045568871 
-35809.10045568871 
-35850.425116379134 
-35880.76778279726 
-35910.11124991552 
-35938.40346711669 
-35938.40346711669 
-35912.100981095646 
-35834.896291699566 
-35956.45044376149 
-35943.74971606356 
-35973.764226733336 
-35988.56629278557 
-35988.56629278557 
-35864.339294576646 
-35898.73663672511 
-35949.7986105413 
-35953.757259615704 
-35950.15251615305 
-36007.55065974595 
-35997.33227844028 
-36024.77573184068 
-36040.4507059074 
-36028.675762024344 
-36060.16237477912 
-36053.92200208225 
-36081.10118389285 
-36087.68555631566 
-36099.12509113652 
-36107.31516418008 
-36107.31516418008 
-35906.94975911647 
-36104.38192918358 
-35860.956501180364 
-36082.533064061514 
-36100.03085503996 
-36090.440312263185 
-36111.47812652915 
-36113.7983320379 
-36096.062935332455 
-36117.56345814462 
-36124.022021484045 
-36124.270008614425 
-36130.829752777514 
-36133.096187231306 
