-35664.795878886405 
-35852.61592809825 
-35852.61592809825 
-36088.751869052285 
-35808.38970699758 
-36123.668878820965 
-36153.60958308098 
-35946.71549231913 
-36164.68349791627 
-36167.27830040715 
-36180.33905205807 
-36176.57061346332 
-36194.45996376018 
-36206.198298092924 
-36219.97281496347 
-36229.56164629194 
-36236.57200983752 
-36244.402626875366 
-36252.45911867052 
-36258.539527538334 
-36258.539527538334 
-36238.14988196312 
-36238.14988196312 
-34597.8570852386 
-36179.98743390935 
-36252.66628643351 
-35849.930887910894 
-36243.77118842732 
-36188.413374032825 
-36188.413374032825 
-30440.312996178694 
-34659.9454998124 
-36205.10606584629 
-36076.97881686704 
-36177.54339676032 
-36205.560778183324 
-33137.88757826761 
-16649.020058053837 
-32681.693611740222 
-35666.58081781684 
-34947.016235879615 
-35371.2620061672 
-36093.08888442603 
-36134.5956194746 
-36182.24992500185 
-36207.576040023174 
-36218.545837489146 
-36240.14577758411 
-36248.187756297666 
-36248.187756297666 
-36249.18838053671 
-36218.12025388698 
-36268.25057218002 
-36278.68670433789 
-36288.291021219404 
-36302.587032177005 
-36302.587032177005 
-32176.541155457657 
-32176.541155457657 
-33311.29023184927 
-33773.24806906074 
-33773.24806906074 
-34354.775500683594 
-34750.47732773015 
-35056.78342888466 
-35304.749592464716 
-35480.36225134125 
-35632.14724574841 
-35749.455022582704 
-35846.9313503699 
-35924.059052713106 
-35997.2794148563 
-36049.57229433128 
-36049.57229433128 
-35946.640154480076 
-35946.640154480076 
-34432.3781966601 
-33512.503318755626 
-34883.62099741379 
-34883.62099741379 
-34040.14179864886 
-34442.48934334032 
-34919.601173620205 
-34451.677732876065 
-35197.14352947899 
-35398.246451668194 
-35530.68318648207 
-35613.709337662 
-35680.79873279527 
-35740.043200186396 
-35793.81714743051 
-35847.120331372746 
-35893.88524665874 
-35941.45809715819 
-35985.688317170185 
-35985.688317170185 
-35902.58299542899 
-36011.917662690445 
-35730.81411598273 
-36014.6882810554 
-35911.682386887 
-36043.352411531436 
-36048.05530066916 
-36096.43518398205 
-36112.0570641972 
-36112.56719449803 
-36164.333586375375 
-36169.6977192079 
-36196.76365108445 
-36205.86479524992 
-36226.689630204615 
-36236.82572438439 
-36252.89811242095 
-36252.89811242095 
-34056.665227879406 
-35664.31034895501 
-36009.53166841743 
-27557.180839605087 
-26452.347038002434 
-26901.963435027596 
-26901.963435027596 
-28124.378319426887 
-29156.59409418482 
-30165.595344369696 
-30312.839438854888 
-30312.839438854888 
-30817.908101937046 
-31733.450215313514 
-32336.86188291203 
-32909.46775488721 
-33319.874471144605 
-33706.029465227795 
-33999.03735629267 
-34267.17151733406 
-34487.372838036725 
-34644.64648472299 
-34811.787082191644 
-34906.18110149644 
-35031.05302413553 
-35098.41248488903 
-35162.18662671475 
-35162.18662671475 
-35193.32522100943 
-35278.96073040401 
-35278.96073040401 
-33707.570961067155 
-35243.461108136275 
-35096.67389013466 
-35216.17953677 
-35216.17953677 
-35232.933048730956 
-35105.01802786971 
-35267.752547897006 
-35267.752547897006 
-35367.230961561836 
-35383.955126506225 
-35441.785924921634 
-35489.520437099054 
-35545.348410198945 
-35602.02771991928 
-35652.1740004354 
-35696.904761105776 
-35735.817410973505 
-35735.817410973505 
-35731.35712222583 
-35762.244858536455 
-35781.909210991165 
-35793.553792992614 
-35834.26321026115 
-35865.032751070736 
-35896.60779948791 
-35896.60779948791 
-30422.4100773814 
-34165.55874254534 
-35723.088581640186 
-35717.57071004047 
-35373.94991836072 
-35493.64924493294 
-35493.64924493294 
-35627.01526736311 
-35696.9817901093 
-35754.2769105073 
-35809.10045568871 
-35809.10045568871 
-35850.425116379134 
-35880.76778279726 
-35910.11124991552 
-35938.40346711669 
-35938.40346711669 
-35912.100981095646 
-35834.896291699566 
-35956.45044376149 
-35943.74971606356 
-35973.764226733336 
-35988.56629278557 
-35988.56629278557 
-35864.339294576646 
-35898.73663672511 
-35949.7986105413 
-35953.757259615704 
-35950.15251615305 
-36007.55065974595 
-35997.33227844028 
-36024.77573184068 
-36040.4507059074 
-36028.675762024344 
-36060.16237477912 
-36053.92200208225 
-36081.10118389285 
-36087.68555631566 
-36099.12509113652 
-36107.31516418008 
-36107.31516418008 
-35906.94975911647 
-36104.38192918358 
-35860.956501180364 
-36082.533064061514 
-36100.03085503996 
-36090.440312263185 
-36111.47812652915 
-36113.7983320379 
-36096.062935332455 
-36117.56345814462 
-36124.022021484045 
-36124.270008614425 
-36130.829752777514 
-36133.096187231306 
-36133.096187231306 
-36058.84443719128 
-36115.4833269974 
-36141.016871166525 
-36141.016871166525 
-36146.616608311146 
-36146.616608311146 
-36124.73392335712 
-36138.61327006658 
-36138.61327006658 
-36131.31720690695 
-36131.31720690695 
-36134.72770225494 
-36142.62723038415 
-36142.94648314386 
-36142.081149988044 
-36142.081149988044 
-36138.8922451294 
-36066.076463833095 
-36143.83860432646 
-36142.89153724015 
-36149.623056645825 
-36168.017798433306 
-36164.48980345801 
-36167.44374040978 
-36177.615953639935 
-36181.03399503433 
-36195.70751068943 
-36198.72275252616 
-36207.399648825885 
-36210.09905895552 
-36217.14464629691 
-36223.466022706336 
-36229.50105940852 
-36234.4872477532 
-36240.81325371672 
-36245.83804127121 
-36250.61474165914 
-36255.98982776081 
-36261.22100330325 
-36267.173043867406 
-36272.52366282754 
-36279.109205950124 
-36284.008343464906 
-36290.52888866217 
-36290.52888866217 
-35907.890657843454 
-36197.55333200183 
-36282.8019717921 
-36107.09836182752 
-36269.574997597534 
-36281.75741876646 
-36267.47644250764 
-36264.03232947451 
-36286.24489729907 
-36274.99439764811 
-36295.48945414789 
