-36133.096187231306 
-36058.84443719128 
-36115.4833269974 
-36141.016871166525 
-36141.016871166525 
-36146.616608311146 
-36146.616608311146 
-36124.73392335712 
-36138.61327006658 
-36138.61327006658 
-36131.31720690695 
-36131.31720690695 
-36134.72770225494 
-36142.62723038415 
-36142.94648314386 
-36142.081149988044 
-36142.081149988044 
-36138.8922451294 
-36066.076463833095 
-36143.83860432646 
-36142.89153724015 
-36149.623056645825 
-36168.017798433306 
-36164.48980345801 
-36167.44374040978 
-36177.615953639935 
-36181.03399503433 
-36195.70751068943 
-36198.72275252616 
-36207.399648825885 
-36210.09905895552 
-36217.14464629691 
-36223.466022706336 
-36229.50105940852 
-36234.4872477532 
-36240.81325371672 
-36245.83804127121 
-36250.61474165914 
-36255.98982776081 
-36261.22100330325 
-36267.173043867406 
-36272.52366282754 
-36279.109205950124 
-36284.008343464906 
-36290.52888866217 
-36290.52888866217 
-35907.890657843454 
-36197.55333200183 
-36282.8019717921 
-36107.09836182752 
-36269.574997597534 
-36281.75741876646 
-36267.47644250764 
-36264.03232947451 
-36286.24489729907 
-36274.99439764811 
-36295.48945414789 
