-36252.89811242095 
-34056.665227879406 
-35664.31034895501 
-36009.53166841743 
-27557.180839605087 
-26452.347038002434 
-26901.963435027596 
-26901.963435027596 
-28124.378319426887 
-29156.59409418482 
-30165.595344369696 
-30312.839438854888 
-30312.839438854888 
-30817.908101937046 
-31733.450215313514 
-32336.86188291203 
-32909.46775488721 
-33319.874471144605 
-33706.029465227795 
-33999.03735629267 
-34267.17151733406 
-34487.372838036725 
-34644.64648472299 
-34811.787082191644 
-34906.18110149644 
-35031.05302413553 
-35098.41248488903 
-35162.18662671475 
-35162.18662671475 
-35193.32522100943 
-35278.96073040401 
-35278.96073040401 
-33707.570961067155 
-35243.461108136275 
-35096.67389013466 
-35216.17953677 
-35216.17953677 
-35232.933048730956 
-35105.01802786971 
-35267.752547897006 
-35267.752547897006 
-35367.230961561836 
-35383.955126506225 
-35441.785924921634 
-35489.520437099054 
-35545.348410198945 
-35602.02771991928 
-35652.1740004354 
-35696.904761105776 
-35735.817410973505 
-35735.817410973505 
-35731.35712222583 
-35762.244858536455 
-35781.909210991165 
-35793.553792992614 
-35834.26321026115 
-35865.032751070736 
-35896.60779948791 
