-35664.795878886405 
-35852.61592809825 
-35852.61592809825 
-36088.751869052285 
-35808.38970699758 
-36123.668878820965 
-36153.60958308098 
-35946.71549231913 
-36164.68349791627 
-36167.27830040715 
-36180.33905205807 
-36176.57061346332 
-36194.45996376018 
-36206.198298092924 
-36219.97281496347 
-36229.56164629194 
-36236.57200983752 
-36244.402626875366 
-36252.45911867052 
-36258.539527538334 
-36258.539527538334 
-36238.14988196312 
-36238.14988196312 
-34597.8570852386 
-36179.98743390935 
-36252.66628643351 
-35849.930887910894 
-36243.77118842732 
-36188.413374032825 
-36188.413374032825 
-30440.312996178694 
-34659.9454998124 
-36205.10606584629 
-36076.97881686704 
-36177.54339676032 
-36205.560778183324 
-33137.88757826761 
-16649.020058053837 
-32681.693611740222 
-35666.58081781684 
-34947.016235879615 
-35371.2620061672 
-36093.08888442603 
-36134.5956194746 
-36182.24992500185 
-36207.576040023174 
-36218.545837489146 
-36240.14577758411 
-36248.187756297666 
-36248.187756297666 
-36249.18838053671 
-36218.12025388698 
-36268.25057218002 
-36278.68670433789 
-36288.291021219404 
-36302.587032177005 
