-38060.28125
-37552.0546875
-37954.796875
-37904.33984375
-37837.1328125
-37888.48828125
-37943.0703125
-37974.140625
-37978.46484375
-37975.16796875
-37982.26171875
-38000.85546875
-38015.05859375
-38015.60546875
-38014.64453125
-38021.30078125
-38031.60546875
-38039.53125
-38041.67578125
-38040.546875
-38040.79296875
-38043.765625
-38049.1640625
-38053.88671875
-38056.05859375
-38056.52734375
-38056.859375
-38058.5078125
-38060.71875
-38062.6015625
-38063.8515625
-38064.44140625
-38065.3984375
-38066.70703125
-38067.65234375
-38068.3828125
-38069.16015625
-38070.27734375
-38071.17578125
-38071.66015625
-38072.04296875
-38072.53125
-38073.34375
-38074.1328125
-38074.71484375
-38074.98046875
-38075.26953125
-38075.75
-38076.31640625
-38076.7578125
