-37278.6953125
-37234.13671875
-37641.44140625
-37704.82421875
-37705.05859375
-37737.25
-37760.09765625
-37776.51171875
-37797.296875
-37823.45703125
-37850.75
-37876.70703125
-37897.9921875
-37912.015625
-37917.24609375
-37923.23046875
-37934.0390625
-37947.25390625
-37958.88671875
-37967.16015625
-37970.546875
-37976.0
-37981.359375
-37989.47265625
-37995.59765625
-38000.25
-38004.95703125
-38008.51953125
-38013.109375
-38015.44921875
-38017.9609375
-38019.19140625
-38022.328125
-38024.45703125
-38027.95703125
-38030.57421875
-38034.1171875
-38036.6328125
-38039.5859375
-38042.875
-38046.71484375
-38049.60546875
-38051.9296875
-38053.8828125
-38055.19921875
-38055.40625
-38056.046875
-38057.32421875
-38059.1953125
-38060.28125
