-38076.7578125
-37458.88671875
-37989.3984375
-37892.359375
-37805.1796875
-37842.3359375
-37921.30859375
-37969.765625
-37974.3125
-37961.453125
-37961.73046875
-37982.921875
-38009.7265625
-38023.40234375
-38022.37890625
-38018.7578125
-38021.80859375
-38031.5390625
-38041.7421875
-38047.421875
-38048.51953125
-38048.30078125
-38050.16796875
-38054.8359375
-38059.74609375
-38061.8125
-38061.6171875
-38062.16796875
-38064.0546875
-38066.33984375
-38068.36328125
-38069.80078125
-38070.62890625
-38071.1875
-38072.06640625
-38073.41796875
-38074.59765625
-38075.0078125
-38074.953125
-38075.24609375
-38076.09375
-38076.984375
-38077.48046875
-38077.74609375
-38078.07421875
-38078.4140625
-38078.63671875
-38078.8203125
-38079.109375
-38079.44140625
