-1575.33706524
-1575.14795018
-1575.93797423
-1576.17966350
-1576.29558259
-1576.36169354
-1576.38558435
-1576.42537061
-1576.42574261
-1576.46106147
-1576.46189102
-1576.47023785
-1576.47277648
-1576.47877195
-1576.47880724
-1576.48374713
-1576.48384086
-1576.48819218
-1576.48913778
-1576.48951536
-1576.48961247
-1576.48960765
-1576.48962001
-1576.48962569
-1576.49265950
-1576.49290305
-1576.49656373
-1576.50449858
-1576.50637672
-1576.50786342
-1576.50978171
-1576.51509268
-1576.52310729
-1576.52818598
-1576.52826365
-1576.53550433
-1576.54747539
-1576.55447927
-1576.55843412
-1576.55927927
-1576.56389135
-1576.57380361
-1576.57549601
-1576.57766597
-1576.58862866
-1576.60245745
-1576.61810620
-1576.62493993
-1576.62802029
-1576.62850235
-1576.63894152
-1576.65075294
-1576.66187803
-1576.66770074
-1576.67486813
-1576.68221326
-1576.69258891
-1576.69511494
-1576.70306761
-1576.70612030
-1576.71260305
-1576.71358827
-1576.72011701
-1576.72491802
-1576.73045351
-1576.73955876
-1576.74928336
-1576.75217287
-1576.75955689
-1576.76278033
-1576.76856101
-1576.77384755
-1576.78358182
-1576.78608506
-1576.79305172
-1576.79393257
-1576.80366270
-1576.80899833
-1576.81506204
-1576.82315575
-1576.82950300
-1576.83646182
-1576.84312981
-1576.84655817
-1576.85139083
-1576.85405482
-1576.85859540
-1576.86041993
-1576.86491429
-1576.86757585
-1576.87232532
-1576.87546273
-1576.88026758
-1576.88422648
-1576.88971221
-1576.89477509
-1576.90057840
-1576.90632445
-1576.90673500
-1576.91180262
-1576.92105750
-1576.93211936
-1576.93654032
-1576.93456266
-1576.93747083
-1576.94442195
-1576.95184443
-1576.96249934
-1576.96881825
-1576.97350497
-1576.98549906
-1576.99084391
-1576.99535064
-1577.01288779
-1577.01832290
-1577.02007681
-1577.02078186
-1577.03972956
-1577.04257498
-1577.05490817
-1577.05724285
-1577.06676946
-1577.06817202
-1577.07687074
-1577.07833635
-1577.08721402
-1577.08847957
-1577.09706158
-1577.10252862
-1577.10564422
-1577.10582797
-1577.11121795
-1577.12130858
-1577.12288988
-1577.13289571
-1577.14189390
-1577.15213983
-1577.15546285
-1577.15583313
-1577.15664763
-1577.16493466
-1577.16839473
-1577.16480226
-1577.16876721
-1577.17605742
-1577.18016496
-1577.18839629
-1577.19027596
-1577.19696523
-1577.19898283
-1577.19985129
-1577.20458845
-1577.20867728
-1577.21536968
-1577.21996872
-1577.22573897
-1577.22700476
-1577.23068698
-1577.23183934
-1577.23566517
-1577.23731395
-1577.24029145
-1577.24590325
-1577.24213766
-1577.24695414
-1577.25060778
-1577.25419417
-1577.25097994
-1577.25458349
-1577.25921787
-1577.26183147
-1577.26042246
-1577.26233943
-1577.26821062
-1577.27192251
-1577.27829260
-1577.27972614
-1577.28553884
-1577.28665667
-1577.29245224
-1577.29699868
-1577.29748842
-1577.30393982
-1577.30614833
-1577.31353591
-1577.31559032
-1577.32136088
-1577.32560894
-1577.33284604
-1577.33776327
-1577.33794737
-1577.34341332
-1577.35420315
-1577.35256852
-1577.35718421
-1577.36691800
-1577.37461505
-1577.38277135
-1577.38675350
-1577.39350950
-1577.39490516
-1577.39535980
-1577.40155608
-1577.40341959
-1577.40415114
-1577.41293945
-1577.41426291
-1577.41457490
-1577.42032891
-1577.42088747
-1577.42080752
-1577.42104340
-1577.42489639
-1577.42561279
-1577.42856398
-1577.42964177
-1577.43173364
-1577.43338175
-1577.43594184
-1577.43789557
-1577.44035046
-1577.44341254
-1577.44564926
-1577.44902211
-1577.44514190
-1577.44932836
-1577.45254457
-1577.45384919
-1577.45403973
-1577.45715271
-1577.45840366
-1577.46124754
-1577.46236681
-1577.46557482
-1577.46616892
-1577.46896640
-1577.46959990
-1577.47245447
-1577.47302296
-1577.47536029
-1577.47676245
-1577.47979477
-1577.48070448
-1577.48168801
-1577.48339894
-1577.48427733
-1577.48867607
-1577.49055243
-1577.49296913
-1577.49244911
-1577.49364563
-1577.49880040
-1577.49975227
-1577.50260682
-1577.50413890
-1577.50728468
-1577.50807143
-1577.51056332
-1577.51121581
-1577.51320197
-1577.51526032
-1577.51771836
-1577.51904105
-1577.52128804
-1577.52160465
-1577.52363308
-1577.52477873
-1577.52707520
-1577.52805774
-1577.52812372
-1577.52808216
-1577.52811536
-1577.52811151
-1577.52811813
-1577.52967719
-1577.53103548
-1577.53188613
-1577.53422828
-1577.53648288
-1577.53438276
-1577.53678234
-1577.53958356
-1577.54073267
-1577.54095588
-1577.54321006
-1577.54446283
-1577.54698962
-1577.54832738
-1577.55078754
-1577.55140950
-1577.55379782
