-1576.50449858
-1576.50637672
-1576.50786342
-1576.50978171
-1576.51509268
-1576.52310729
-1576.52818598
-1576.52826365
-1576.53550433
-1576.54747539
-1576.55447927
-1576.55843412
-1576.55927927
-1576.56389135
-1576.57380361
-1576.57549601
-1576.57766597
-1576.58862866
-1576.60245745
-1576.61810620
-1576.62493993
-1576.62802029
-1576.62850235
-1576.63894152
-1576.65075294
-1576.66187803
-1576.66770074
-1576.67486813
-1576.68221326
-1576.69258891
-1576.69511494
-1576.70306761
-1576.70612030
-1576.71260305
-1576.71358827
-1576.72011701
-1576.72491802
-1576.73045351
-1576.73955876
-1576.74928336
-1576.75217287
-1576.75955689
-1576.76278033
-1576.76856101
-1576.77384755
-1576.78358182
-1576.78608506
-1576.79305172
-1576.79393257
-1576.80366270
-1576.80899833
-1576.81506204
-1576.82315575
-1576.82950300
-1576.83646182
-1576.84312981
-1576.84655817
-1576.85139083
-1576.85405482
-1576.85859540
-1576.86041993
-1576.86491429
-1576.86757585
-1576.87232532
-1576.87546273
-1576.88026758
-1576.88422648
-1576.88971221
-1576.89477509
-1576.90057840
-1576.90632445
-1576.90673500
-1576.91180262
-1576.92105750
-1576.93211936
-1576.93654032
-1576.93456266
-1576.93747083
-1576.94442195
-1576.95184443
-1576.96249934
-1576.96881825
-1576.97350497
-1576.98549906
-1576.99084391
-1576.99535064
-1577.01288779
-1577.01832290
-1577.02007681
-1577.02078186
-1577.03972956
-1577.04257498
-1577.05490817
-1577.05724285
-1577.06676946
-1577.06817202
-1577.07687074
-1577.07833635
-1577.08721402
-1577.08847957
-1577.09706158
-1577.10252862
-1577.10564422
-1577.10582797
-1577.11121795
-1577.12130858
-1577.12288988
-1577.13289571
-1577.14189390
-1577.15213983
-1577.15546285
-1577.15583313
-1577.15664763
-1577.16493466
-1577.16839473
-1577.16480226
-1577.16876721
-1577.17605742
-1577.18016496
-1577.18839629
-1577.19027596
-1577.19696523
-1577.19898283
-1577.19985129
-1577.20458845
-1577.20867728
-1577.21536968
-1577.21996872
-1577.22573897
-1577.22700476
-1577.23068698
-1577.23183934
-1577.23566517
-1577.23731395
-1577.24029145
-1577.24590325
-1577.24213766
-1577.24695414
-1577.25060778
-1577.25419417
-1577.25097994
-1577.25458349
-1577.25921787
-1577.26183147
-1577.26042246
-1577.26233943
-1577.26821062
-1577.27192251
-1577.27829260
-1577.27972614
-1577.28553884
-1577.28665667
-1577.29245224
-1577.29699868
-1577.29748842
-1577.30393982
-1577.30614833
-1577.31353591
-1577.31559032
-1577.32136088
-1577.32560894
-1577.33284604
-1577.33776327
-1577.33794737
-1577.34341332
-1577.35420315
-1577.35256852
-1577.35718421
-1577.36691800
-1577.37461505
-1577.38277135
-1577.38675350
-1577.39350950
-1577.39490516
-1577.39535980
-1577.40155608
-1577.40341959
-1577.40415114
-1577.41293945
-1577.41426291
-1577.41457490
-1577.42032891
-1577.42088747
-1577.42080752
-1577.42104340
-1577.42489639
-1577.42561279
-1577.42856398
-1577.42964177
-1577.43173364
-1577.43338175
-1577.43594184
-1577.43789557
-1577.44035046
-1577.44341254
-1577.44564926
-1577.44902211
-1577.44514190
-1577.44932836
-1577.45254457
-1577.45384919
-1577.45403973
-1577.45715271
-1577.45840366
-1577.46124754
-1577.46236681
-1577.46557482
-1577.46616892
-1577.46896640
-1577.46959990
-1577.47245447
-1577.47302296
-1577.47536029
-1577.47676245
-1577.47979477
-1577.48070448
-1577.48168801
-1577.48339894
-1577.48427733
-1577.48867607
-1577.49055243
-1577.49296913
-1577.49244911
-1577.49364563
-1577.49880040
-1577.49975227
-1577.50260682
-1577.50413890
-1577.50728468
-1577.50807143
-1577.51056332
-1577.51121581
-1577.51320197
-1577.51526032
-1577.51771836
-1577.51904105
-1577.52128804
-1577.52160465
-1577.52363308
-1577.52477873
-1577.52707520
-1577.52805774
-1577.52812372
-1577.52808216
-1577.52811536
-1577.52811151
-1577.52811813
-1577.52967719
-1577.53103548
-1577.53188613
-1577.53422828
-1577.53648288
-1577.53438276
-1577.53678234
-1577.53958356
-1577.54073267
-1577.54095588
-1577.54321006
-1577.54446283
-1577.54698962
-1577.54832738
-1577.55078754
-1577.55140950
-1577.55375058
-1577.55463148
-1577.55468694
-1577.55468658
-1577.55469218
-1577.55552993
-1577.55571251
-1577.55644716
-1577.55653754
-1577.55711920
-1577.55727163
-1577.55767473
-1577.55805100
-1577.55849808
-1577.55916661
-1577.55961002
-1577.56029971
-1577.56064309
-1577.56133436
-1577.56196799
-1577.56175640
-1577.56211149
-1577.56205315
-1577.56210882
-1577.56208589
-1577.56210508
-1577.56210218
-1577.56210713
-1577.56235915
-1577.56252245
-1577.56280381
-1577.56310354
-1577.56317991
-1577.56334389
-1577.56352480
-1577.56371525
-1577.56390097
-1577.56414843
-1577.56442928
-1577.56469450
-1577.56494599
-1577.56520134
-1577.56544338
-1577.56576254
-1577.56616857
-1577.56650618
-1577.56672171
-1577.56692158
-1577.56713999
-1577.56737113
-1577.56771721
-1577.56816012
-1577.56845409
-1577.56863585
-1577.56859681
-1577.56866279
-1577.56863603
-1577.56864538
-1577.56896225
-1577.56904355
-1577.56916097
-1577.56953375
-1577.56968568
-1577.56974893
-1577.56973344
-1577.56977854
-1577.56976711
-1577.56977313
-1577.56999421
-1577.57013686
-1577.57032613
-1577.57069882
-1577.57116705
-1577.57173325
-1577.57223117
-1577.57280954
-1577.57309095
-1577.57329057
-1577.57366189
-1577.57428812
-1577.57502528
-1577.57572035
-1577.57718460
-1577.57813140
-1577.57815039
-1577.57817423
-1577.57816042
-1577.57817580
-1577.57817534
-1577.57817332
-1577.57886119
-1577.58025768
-1577.58196908
-1577.58141257
-1577.58235431
-1577.58449023
-1577.58692414
-1577.58873826
-1577.59152580
-1577.59539205
-1577.59961773
-1577.60257938
-1577.60314213
-1577.60833863
-1577.61057383
-1577.61589996
-1577.61738894
-1577.61846042
-1577.62147348
-1577.62547392
-1577.63043003
-1577.63162215
-1577.63216787
-1577.63223242
-1577.63228497
-1577.63228415
-1577.63226678
-1577.63227043
-1577.63227471
-1577.63227427
-1577.63459098
-1577.63518332
-1577.63535546
-1577.63538449
-1577.63782908
-1577.63854778
-1577.64071365
-1577.64171276
-1577.64335286
-1577.64550040
-1577.64723847
-1577.64958196
-1577.64666764
-1577.64982487
-1577.65157788
-1577.65209485
-1577.65232609
-1577.65229594
-1577.65236691
-1577.65234247
-1577.65234934
-1577.65234801
-1577.65235467
-1577.65426739
-1577.65507169
-1577.65688459
-1577.65761841
-1577.65921283
-1577.66204927
-1577.66460581
-1577.66577514
-1577.66806952
-1577.66905907
-1577.66945907
-1577.66947274
-1577.66947658
-1577.66946820
-1577.66947437
-1577.66947717
-1577.66947727
-1577.67062359
-1577.67206859
-1577.67333734
-1577.67576675
-1577.67695426
-1577.67816950
-1577.67893685
-1577.67819642
-1577.67904158
-1577.67996007
-1577.68099965
-1577.68197691
-1577.68346933
-1577.68533269
-1577.68696018
-1577.68766483
-1577.68911462
-1577.68957861
-1577.69078504
-1577.69115085
-1577.69229372
-1577.69298118
-1577.69433864
-1577.69530059
-1577.69640569
-1577.69781156
-1577.69893567
-1577.70041539
-1577.70064368
-1577.70096092
-1577.70268236
-1577.70437656
-1577.70524997
-1577.70528368
-1577.70533775
-1577.70754608
-1577.71011013
-1577.70869522
-1577.71057159
-1577.71379885
-1577.71555177
-1577.71842920
-1577.72023980
-1577.72075926
-1577.72511823
-1577.72711311
-1577.73165668
-1577.73261672
-1577.73668959
-1577.73780106
-1577.74254218
-1577.74414188
-1577.74841726
-1577.74989308
-1577.75311309
-1577.75538120
-1577.75551205
-1577.75868821
