-1577.55375058
-1577.55463148
-1577.55468694
-1577.55468658
-1577.55469218
-1577.55552993
-1577.55571251
-1577.55644716
-1577.55653754
-1577.55711920
-1577.55727163
-1577.55767473
-1577.55805100
-1577.55849808
-1577.55916661
-1577.55961002
-1577.56029971
-1577.56064309
-1577.56133436
-1577.56196799
-1577.56175640
-1577.56211149
-1577.56205315
-1577.56210882
-1577.56208589
-1577.56210508
-1577.56210218
-1577.56210713
-1577.56235915
-1577.56252245
-1577.56280381
-1577.56310354
-1577.56317991
-1577.56334389
-1577.56352480
-1577.56371525
-1577.56390097
-1577.56414843
-1577.56442928
-1577.56469450
-1577.56494599
-1577.56520134
-1577.56544338
-1577.56576254
-1577.56616857
-1577.56650618
-1577.56672171
-1577.56692158
-1577.56713999
-1577.56737113
-1577.56771721
-1577.56816012
-1577.56845409
-1577.56863585
-1577.56859681
-1577.56866279
-1577.56863603
-1577.56864538
-1577.56896225
-1577.56904355
-1577.56916097
-1577.56953375
-1577.56968568
-1577.56974893
-1577.56973344
-1577.56977854
-1577.56976711
-1577.56977313
-1577.56999421
-1577.57013686
-1577.57032613
-1577.57069882
-1577.57116705
-1577.57173325
-1577.57223117
-1577.57280954
-1577.57309095
-1577.57329057
-1577.57366189
-1577.57428812
-1577.57502528
-1577.57572035
-1577.57718460
-1577.57813140
-1577.57815039
-1577.57817423
-1577.57816042
-1577.57817580
-1577.57817534
-1577.57817332
-1577.57886119
-1577.58025768
-1577.58196908
-1577.58141257
-1577.58235431
-1577.58449023
-1577.58692414
-1577.58873826
-1577.59152580
-1577.59539205
-1577.59961773
-1577.60257938
-1577.60314213
-1577.60833863
-1577.61057383
-1577.61589996
-1577.61738894
-1577.61846042
-1577.62147348
-1577.62547392
-1577.63043003
-1577.63162215
-1577.63216787
-1577.63223242
-1577.63228497
-1577.63228415
-1577.63226678
-1577.63227043
-1577.63227471
-1577.63227427
-1577.63459098
-1577.63518332
-1577.63535546
-1577.63538449
-1577.63782908
-1577.63854778
-1577.64071365
-1577.64171276
-1577.64335286
-1577.64550040
-1577.64723847
-1577.64958196
-1577.64666764
-1577.64982487
-1577.65157788
-1577.65209485
-1577.65232609
-1577.65229594
-1577.65236691
-1577.65234247
-1577.65234934
-1577.65234801
-1577.65235467
-1577.65426739
-1577.65507169
-1577.65688459
-1577.65761841
-1577.65921283
-1577.66204927
-1577.66460581
-1577.66577514
-1577.66806952
-1577.66905907
-1577.66945907
-1577.66947274
-1577.66947658
-1577.66946820
-1577.66947437
-1577.66947717
-1577.66947727
-1577.67062359
-1577.67206859
-1577.67333734
-1577.67576675
-1577.67695426
-1577.67816950
-1577.67893685
-1577.67819642
-1577.67904158
-1577.67996007
-1577.68099965
-1577.68197691
-1577.68346933
-1577.68533269
-1577.68696018
-1577.68766483
-1577.68911462
-1577.68957861
-1577.69078504
-1577.69115085
-1577.69229372
-1577.69298118
-1577.69433864
-1577.69530059
-1577.69640569
-1577.69781156
-1577.69893567
-1577.70041539
-1577.70064368
-1577.70096092
-1577.70268236
-1577.70437656
-1577.70524997
-1577.70528368
-1577.70533775
-1577.70754608
-1577.71011013
-1577.70869522
-1577.71057159
-1577.71379885
-1577.71555177
-1577.71842920
-1577.72023980
-1577.72075926
-1577.72511823
-1577.72711311
-1577.73165668
-1577.73261672
-1577.73668959
-1577.73780106
-1577.74254218
-1577.74414188
-1577.74841726
-1577.74989308
-1577.75311309
-1577.75511164
-1577.75545176
-1577.75973095
-1577.76195807
-1577.76655871
-1577.76839869
-1577.77230895
-1577.77731734
-1577.78238574
-1577.78320664
-1577.78387178
-1577.78822647
-1577.78872525
-1577.79250916
-1577.79356549
-1577.79359690
-1577.79357454
-1577.79357640
-1577.79358866
-1577.79640113
-1577.79676135
-1577.79703975
-1577.79945196
-1577.79991556
-1577.80196156
-1577.80229339
-1577.80396629
-1577.80428446
-1577.80592641
-1577.80623573
-1577.80801717
-1577.80889394
-1577.81059169
-1577.81143305
-1577.81304900
-1577.81433042
-1577.81581525
-1577.81663180
-1577.81843531
-1577.81893784
-1577.82030297
-1577.82063003
-1577.82209643
-1577.82251839
-1577.82400416
-1577.82479859
-1577.82635713
-1577.82669148
-1577.82805209
-1577.82914197
-1577.83057728
-1577.83112137
-1577.83119961
-1577.83257876
-1577.83328430
-1577.83472112
-1577.83537725
-1577.83664010
-1577.83697755
-1577.83800970
-1577.83873146
-1577.84002356
-1577.84053586
-1577.84159895
-1577.84198280
-1577.84313388
-1577.84396610
-1577.84515960
-1577.84580264
-1577.84717891
-1577.84766102
-1577.84781865
-1577.84871791
-1577.84940687
-1577.85015797
-1577.85179917
-1577.85267259
-1577.85255211
-1577.85286975
-1577.85288574
-1577.85294394
-1577.85289884
-1577.85291181
-1577.85291340
-1577.85291680
-1577.85434727
-1577.85466393
-1577.85490002
-1577.85484365
-1577.85489304
-1577.85486741
-1577.85488481
-1577.85488570
-1577.85488784
-1577.85639741
-1577.85721948
-1577.85845872
-1577.85862341
-1577.85949490
-1577.85971113
-1577.86073865
-1577.86102199
-1577.86207519
-1577.86223827
-1577.86314099
-1577.86333941
-1577.86414626
-1577.86473088
-1577.86581710
-1577.86614834
-1577.86721304
-1577.86748890
-1577.86858525
-1577.86879713
-1577.86980716
-1577.86998711
-1577.87113353
-1577.87156936
-1577.87151070
-1577.87169988
-1577.87164804
-1577.87167809
-1577.87164310
-1577.87166608
-1577.87166502
-1577.87167149
-1577.87206883
-1577.87222736
-1577.87266367
-1577.87313510
-1577.87316017
-1577.87328565
-1577.87328786
-1577.87330579
-1577.87330464
-1577.87330294
-1577.87342957
-1577.87363876
-1577.87375189
-1577.87382929
-1577.87390751
-1577.87389174
-1577.87391003
-1577.87398688
-1577.87418397
-1577.87443177
-1577.87462029
-1577.87468880
-1577.87475910
-1577.87473556
-1577.87475942
-1577.87493125
-1577.87499649
-1577.87509701
-1577.87529271
-1577.87544534
-1577.87560731
-1577.87565749
-1577.87573018
-1577.87584802
-1577.87612218
-1577.87642032
-1577.87650919
-1577.87659870
-1577.87674291
-1577.87667160
-1577.87675645
-1577.87675471
-1577.87675582
-1577.87675706
-1577.87675745
-1577.87675752
-1577.87675755
-1577.87675754
-1577.87675752
-1577.87675751
-1577.87675749
-1577.87675751
-1577.87675751
-1577.87642524
-1577.87642536
