-38787.84119491148 
-39108.12236217742 
-39278.38470266335 
-39313.01279045471 
-39313.01279045471 
-39335.0721823884 
-39358.96834489657 
-39369.47933499648 
-39392.694708263494 
-39392.86240876086 
-39406.11401859107 
-39411.325776513586 
-39414.05969382048 
-39428.58012486196 
-39433.51367481929 
-39438.96176150939 
-39447.18058918942 
-39449.42572907736 
-39456.90253316369 
-39451.42998071504 
-39463.35897799517 
-39466.82117867426 
-39470.30364520623 
-39476.414175564176 
-39482.49180508604 
-39482.49180508604 
-39436.45387869498 
-39478.64303260618 
-39414.9057395878 
-39441.91052262659 
-39476.40364733351 
-39480.87037020479 
-39472.65871516426 
-39481.75140512086 
-39491.694098496955 
-39489.665797610774 
-39492.581173845916 
-39497.978855675145 
-39499.87178595625 
-39501.60631841233 
-39505.89892602444 
-39505.929402251146 
-39505.929402251146 
-39489.311094014636 
-39473.880690866135 
-39491.28194209991 
-39503.50346542546 
-39508.95403481047 
-39510.03238646225 
-39509.848832997865 
-39513.91622945668 
-39515.55883489582 
-39516.301208385616 
-39519.75645977784 
-39519.75645977784 
-39293.197870656 
-39293.197870656 
-39356.53774555557 
-39393.12827101797 
-39424.04583539465 
-39444.47575221279 
-39465.767784433454 
-39474.471337606556 
-39471.07104756141 
-39471.07104756141 
-39479.00899718641 
-39479.00899718641 
-39428.697636244666 
-39501.215379594774 
-39507.55764696789 
-39507.55764696789 
-39504.066774170664 
-39514.54736387775 
-39514.54736387775 
-39519.57713226542 
-39519.57713226542 
-39460.09512622223 
-39520.34725057957 
-39518.46177852509 
-39521.854322912484 
-39521.61996813052 
-39524.86545727329 
-39533.00465224339 
-39535.6183306837 
-39539.417970191134 
-39541.8356505753 
-39545.08876390332 
-39545.08876390332 
-39542.00721929159 
-39542.00721929159 
-39544.79774623739 
-39547.35284036167 
-39549.65139933398 
-39552.557402825376 
-39556.26201811307 
-39556.26201811307 
-39552.19802104005 
-39559.220619424144 
-39544.75638266402 
-39560.2338867138 
-39558.79532717156 
-39562.379828522615 
-39564.00662478939 
-39565.47227200594 
-39567.30209744253 
-39570.61562662438 
-39573.270049289706 
-39573.270049289706 
-39565.498094937226 
-39574.83679342863 
-39567.22674877007 
-39574.63766820492 
-39575.52268151799 
-39576.92170695018 
-39579.22365032592 
-39579.22365032592 
-39566.48369969036 
-39572.490269648195 
-39578.64995902486 
-39582.84981535887 
-39582.84981535887 
-39550.37742290292 
-39584.53273767956 
-39550.171273710985 
-39567.38375185118 
-39581.44953279011 
-39566.5976519521 
-39577.733976219184 
-39584.70292317683 
-39584.74105217054 
-39587.50300703436 
-39587.50300703436 
-39589.4353891377 
-39589.4353891377 
-39588.547914335555 
-39588.66723720274 
-39593.14497580815 
-39590.656091798635 
-39595.700671993436 
-39592.8588921843 
-39597.86560477021 
-39595.93766413452 
-39599.91226298511 
-39599.46854794236 
-39599.46854794236 
-39598.24263971261 
-39599.71538465677 
-39599.577583218874 
-39602.5684982874 
-39603.15565321229 
-39603.225847256006 
-39603.225847256006 
-39599.172748824094 
-39603.843184292025 
-39600.78186104706 
-39603.79474258336 
-39603.32218485386 
-39604.757414620726 
-39603.347450210276 
-39606.62888599085 
-39606.46234213288 
-39607.95644664337 
-39608.148756960596 
-39608.148756960596 
-39602.59483707341 
-39607.71479221746 
-39607.71479221746 
-39608.3734388903 
-39608.96980474928 
-39609.51995505013 
-39610.097864696705 
-39610.725636150666 
-39611.35381143728 
-39611.35381143728 
-39585.49539496506 
-39593.3422625791 
-39593.3422625791 
-39594.64995614041 
-39594.64995614041 
-39600.96832132281 
-39605.15893122603 
-39608.98148984985 
-39611.44944693796 
-39611.44944693796 
-39505.04395421868 
-39593.747959497734 
-39611.41341386336 
-39571.50387313413 
-39605.50902255543 
-39599.39821652177 
-39599.9846064235 
-39603.36592324904 
-39611.07887193498 
-39611.07887193498 
-39583.499184253174 
-39610.086793643044 
-39610.086793643044 
-39612.31516087662 
-39612.31516087662 
-39614.62983327877 
-39616.32388058967 
-39616.72883968392 
-39618.53899026472 
-39618.119607522116 
-39618.93100781332 
-39620.054057423804 
-39618.370692777295 
-39621.69635146003 
-39622.558201559244 
-39622.24049613319 
-39623.929449897354 
-39623.886081221106 
-39624.66096139526 
-39625.64787030658 
-39625.69098589592 
-39626.85968565273 
-39627.32721760192 
-39627.64569289159 
-39628.834787580214 
-39628.834787580214 
-39623.512861252566 
-39625.590596602684 
-39623.037608539424 
-39628.54922488204 
-39628.54922488204 
-39626.17838424481 
-39626.53181111204 
-39625.48203592172 
-39629.6365823246 
-39627.22455398405 
-39630.11692835399 
-39628.893851332265 
-39628.893851332265 
-39630.08460053615 
-39630.08460053615 
-39621.549692672095 
-39624.66811536442 
-39609.193148176586 
-39625.665014293365 
-39627.46135250674 
-39627.19281070936 
-39630.87395783422 
-39626.02446937708 
-39630.86156648752 
-39629.40238727781 
-39632.017195619745 
-39628.89757756435 
-39631.831021392114 
-39632.480502999984 
-39632.757668883314 
-39633.718726512074 
-39633.90962318453 
-39634.966854757506 
-39635.417819426126 
-39636.15197612009 
-39636.777929174634 
-39636.777929174634 
-39518.0132928634 
-39628.635127600945 
-39629.78546795455 
-39630.6452880571 
-39624.77150528177 
-39634.402202899946 
-39632.48883458387 
-39631.68764720194 
-39634.46951663956 
-39633.36570578248 
-39638.67078754035 
-39636.57488502245 
-39638.83775943327 
-39637.68955095648 
-39639.96078899042 
-39640.52415144168 
-39640.847069581985 
-39641.8258532052 
-39641.8258532052 
-39633.843784632685 
-39641.781277179965 
-39641.13567946488 
-39642.20628937738 
-39641.51258832482 
-39642.93589788307 
-39642.93589788307 
-39642.749339415124 
-39643.39999126179 
-39643.41392003074 
-39643.893053409694 
