-38787.84119491148 
-39108.12236217742 
-39278.38470266335 
-39313.01279045471 
-39313.01279045471 
-39335.0721823884 
-39358.96834489657 
-39369.47933499648 
-39392.694708263494 
-39392.86240876086 
-39406.11401859107 
-39411.325776513586 
-39414.05969382048 
-39428.58012486196 
-39433.51367481929 
-39438.96176150939 
-39447.18058918942 
-39449.42572907736 
-39456.90253316369 
-39451.42998071504 
-39463.35897799517 
-39466.82117867426 
-39470.30364520623 
-39476.414175564176 
-39482.49180508604 
-39482.49180508604 
-39436.45387869498 
-39478.64303260618 
-39414.9057395878 
-39441.91052262659 
-39476.40364733351 
-39480.87037020479 
-39472.65871516426 
-39481.75140512086 
-39491.694098496955 
-39489.665797610774 
-39492.581173845916 
-39497.978855675145 
-39499.87178595625 
-39501.60631841233 
-39505.89892602444 
-39505.929402251146 
-39505.929402251146 
-39489.311094014636 
-39473.880690866135 
-39491.28194209991 
-39503.50346542546 
-39508.95403481047 
-39510.03238646225 
-39509.848832997865 
-39513.91622945668 
-39515.55883489582 
-39516.301208385616 
-39519.75645977784 
