-39519.75645977784 
-39293.197870656 
-39293.197870656 
-39356.53774555557 
-39393.12827101797 
-39424.04583539465 
-39444.47575221279 
-39465.767784433454 
-39474.471337606556 
-39471.07104756141 
-39471.07104756141 
-39479.00899718641 
-39479.00899718641 
-39428.697636244666 
-39501.215379594774 
-39507.55764696789 
-39507.55764696789 
-39504.066774170664 
-39514.54736387775 
-39514.54736387775 
-39519.57713226542 
-39519.57713226542 
-39460.09512622223 
-39520.34725057957 
-39518.46177852509 
-39521.854322912484 
-39521.61996813052 
-39524.86545727329 
-39533.00465224339 
-39535.6183306837 
-39539.417970191134 
-39541.8356505753 
-39545.08876390332 
-39545.08876390332 
-39542.00721929159 
-39542.00721929159 
-39544.79774623739 
-39547.35284036167 
-39549.65139933398 
-39552.557402825376 
-39556.26201811307 
-39556.26201811307 
-39552.19802104005 
-39559.220619424144 
-39544.75638266402 
-39560.2338867138 
-39558.79532717156 
-39562.379828522615 
-39564.00662478939 
-39565.47227200594 
-39567.30209744253 
-39570.61562662438 
-39573.270049289706 
-39573.270049289706 
-39565.498094937226 
-39574.83679342863 
-39567.22674877007 
-39574.63766820492 
-39575.52268151799 
-39576.92170695018 
-39579.22365032592 
