-39579.22365032592 
-39566.48369969036 
-39572.490269648195 
-39578.64995902486 
-39582.84981535887 
-39582.84981535887 
-39550.37742290292 
-39584.53273767956 
-39550.171273710985 
-39567.38375185118 
-39581.44953279011 
-39566.5976519521 
-39577.733976219184 
-39584.70292317683 
-39584.74105217054 
-39587.50300703436 
-39587.50300703436 
-39589.4353891377 
-39589.4353891377 
-39588.547914335555 
-39588.66723720274 
-39593.14497580815 
-39590.656091798635 
-39595.700671993436 
-39592.8588921843 
-39597.86560477021 
-39595.93766413452 
-39599.91226298511 
-39599.46854794236 
-39599.46854794236 
-39598.24263971261 
-39599.71538465677 
-39599.577583218874 
-39602.5684982874 
-39603.15565321229 
-39603.225847256006 
-39603.225847256006 
-39599.172748824094 
-39603.843184292025 
-39600.78186104706 
-39603.79474258336 
-39603.32218485386 
-39604.757414620726 
-39603.347450210276 
-39606.62888599085 
-39606.46234213288 
-39607.95644664337 
-39608.148756960596 
-39608.148756960596 
-39602.59483707341 
-39607.71479221746 
-39607.71479221746 
-39608.3734388903 
-39608.96980474928 
-39609.51995505013 
-39610.097864696705 
-39610.725636150666 
-39611.35381143728 
