-39611.35381143728 
-39585.49539496506 
-39593.3422625791 
-39593.3422625791 
-39594.64995614041 
-39594.64995614041 
-39600.96832132281 
-39605.15893122603 
-39608.98148984985 
-39611.44944693796 
-39611.44944693796 
-39505.04395421868 
-39593.747959497734 
-39611.41341386336 
-39571.50387313413 
-39605.50902255543 
-39599.39821652177 
-39599.9846064235 
-39603.36592324904 
-39611.07887193498 
-39611.07887193498 
-39583.499184253174 
-39610.086793643044 
-39610.086793643044 
-39612.31516087662 
-39612.31516087662 
-39614.62983327877 
-39616.32388058967 
-39616.72883968392 
-39618.53899026472 
-39618.119607522116 
-39618.93100781332 
-39620.054057423804 
-39618.370692777295 
-39621.69635146003 
-39622.558201559244 
-39622.24049613319 
-39623.929449897354 
-39623.886081221106 
-39624.66096139526 
-39625.64787030658 
-39625.69098589592 
-39626.85968565273 
-39627.32721760192 
-39627.64569289159 
-39628.834787580214 
-39628.834787580214 
-39623.512861252566 
-39625.590596602684 
-39623.037608539424 
-39628.54922488204 
-39628.54922488204 
-39626.17838424481 
-39626.53181111204 
-39625.48203592172 
-39629.6365823246 
-39627.22455398405 
-39630.11692835399 
-39628.893851332265 
