-39628.893851332265 
-39630.08460053615 
-39630.08460053615 
-39621.549692672095 
-39624.66811536442 
-39609.193148176586 
-39625.665014293365 
-39627.46135250674 
-39627.19281070936 
-39630.87395783422 
-39626.02446937708 
-39630.86156648752 
-39629.40238727781 
-39632.017195619745 
-39628.89757756435 
-39631.831021392114 
-39632.480502999984 
-39632.757668883314 
-39633.718726512074 
-39633.90962318453 
-39634.966854757506 
-39635.417819426126 
-39636.15197612009 
-39636.777929174634 
-39636.777929174634 
-39518.0132928634 
-39628.635127600945 
-39629.78546795455 
-39630.6452880571 
-39624.77150528177 
-39634.402202899946 
-39632.48883458387 
-39631.68764720194 
-39634.46951663956 
-39633.36570578248 
-39638.67078754035 
-39636.57488502245 
-39638.83775943327 
-39637.68955095648 
-39639.96078899042 
-39640.52415144168 
-39640.847069581985 
-39641.8258532052 
-39641.8258532052 
-39633.843784632685 
-39641.781277179965 
-39641.13567946488 
-39642.20628937738 
-39641.51258832482 
-39642.93589788307 
-39642.93589788307 
-39642.749339415124 
-39643.39999126179 
-39643.41392003074 
-39643.893053409694 
