-35024.83657967568 
-34795.978224232524 
-35000.453418041296 
-34993.38415163133 
-34999.16862285153 
-35013.10106825301 
-34992.819718746956 
-35012.05553998996 
-35016.26552832844 
-35009.12324473416 
-35017.28397721511 
-35019.38328926073 
-35019.94307760864 
-35026.83852771546 
-35011.90251576684 
-35026.11852729206 
-35026.980784220395 
-35028.74369514006 
-35030.08759349705 
-35030.59853284616 
-35031.33901463816 
-35031.48302431156 
-35032.718570357865 
-35032.45935543512 
-35033.54525889575 
-35034.80871756901 
-35036.03749112049 
-35036.77619047077 
-35038.33951701454 
-35039.659242576054 
-35041.42065848511 
-35043.48640632116 
-35044.85259176877 
-35046.49900250084 
-35047.34291708283 
-35048.60977122342 
-35049.663220553266 
-35050.82942447678 
-35050.82942447678 
-35049.73688128823 
-35050.43761829492 
-35045.64096691448 
-35048.84851653296 
-35048.84851653296 
-35048.46162295686 
-35049.22939710545 
-35051.73856679069 
-35050.47496036816 
-35048.322454204295 
-35054.79070007689 
-35052.94540061217 
-35056.17930238555 
-35056.55780306528 
-35056.55780306528 
