-35056.55780306528 
-35056.696984034235 
-35056.696984034235 
-35011.0695403936 
-35011.0695403936 
-35028.308486629234 
-35006.89992195125 
-35039.55527664398 
-35043.67801431072 
-35043.67801431072 
-35022.03762940774 
-35022.03762940774 
-35037.12495436168 
-35037.12495436168 
-35043.8195309168 
-35048.41741987753 
-35051.75292059812 
-35054.63609786386 
-35056.08020134612 
-35058.38699094416 
-35059.28523738295 
-35059.28523738295 
-34866.841474204615 
-35011.83958840584 
-34975.791594821494 
-35035.81715546273 
-35048.627393032744 
-35048.627393032744 
-34984.04561633259 
-35035.45381510325 
-34976.87195872158 
-35038.99132895808 
-35003.9639195947 
-34990.71563677391 
-35038.503320941745 
-35023.548208538574 
-35053.94071786323 
-35055.95061140261 
-35060.26269633366 
-35058.00026770614 
-35062.24892002438 
-35055.56779418518 
-35062.21216341629 
-35063.229995259586 
-35063.6132607958 
-35065.701893404 
-35065.43304757966 
-35067.43713902116 
-35066.800536032955 
-35068.73826799693 
-35068.41541116912 
-35070.1114151783 
-35070.55102343662 
-35071.32742512866 
-35072.387186418135 
-35073.22046351337 
-35073.22046351337 
-34916.358379000085 
-35061.544757355114 
