-34409.196097405584 
-34718.75199824759 
-34236.343699231904 
-34816.83780930945 
-34790.92033553912 
-34808.91875292123 
-34817.86512407458 
-34825.62669679318 
-34842.2920291751 
-34785.10209519655 
-34856.96538048507 
-34872.95453036061 
-34881.665126633285 
-34886.16583368166 
-34890.5315054997 
-34897.16695122783 
-34903.246540905435 
-34903.246540905435 
-34862.22208046378 
-34862.22208046378 
-34415.782762592855 
-34629.793580242964 
-34629.793580242964 
-34695.98703391832 
-34751.613182200905 
-34778.74828009971 
-34789.72214608744 
-34789.72214608744 
-34813.78751217102 
-34830.16011613021 
-34844.01558485123 
-34855.66717676052 
-34864.3509395983 
-34873.77017965357 
-34880.78827018655 
-34889.048209505556 
-34895.68959401692 
-34902.766500055506 
-34910.40894329481 
-34916.15372735423 
-34923.557847095486 
-34928.39303568176 
-34932.39321382716 
-34941.96394921175 
-34930.729548699725 
-34948.3222454219 
-34948.08206226529 
-34948.08206226529 
-34881.30875930195 
-34887.575038370414 
-34945.7632113938 
-34930.196840880686 
-34943.77559226765 
-34955.41726008178 
-34918.12798473671 
-34945.83692975329 
-34945.83692975329 
-34827.05707273131 
-34846.76127507846 
-34878.95551396678 
-34588.25670687791 
-34930.70235015584 
-34935.89895628655 
-34940.08820740355 
-34907.72474096802 
-34931.47761088234 
-34950.225445775824 
-34954.34168086101 
-34958.57308731232 
-34968.48171007453 
-34950.37845778254 
-34975.72942095874 
-34979.389383926326 
-34968.53182888728 
-34985.58551758617 
-34986.62982029089 
-34982.047302325656 
-34991.00221274168 
-34989.438697650476 
-34989.860902381166 
-34993.269803143376 
-34998.26461257754 
-34999.21667916739 
-35002.79153325148 
-35004.10480348353 
-35006.496054265444 
-35008.67130021818 
-35010.31121551412 
-35012.851812230656 
-35014.317010897925 
-35016.07536210441 
-35017.4970279808 
-35019.26470467893 
-35020.43424206579 
-35022.03646931087 
-35023.10338848797 
-35024.47356178301 
-35024.47356178301 
-34883.411998573996 
-35013.326495152534 
-34977.895349026265 
-35007.81531468181 
-35016.457828734245 
-35001.481431676635 
-35020.97866103168 
-35023.16222035895 
-35016.817457383026 
-35024.83657967568 
-35024.83657967568 
-34795.978224232524 
-35000.453418041296 
-34993.38415163133 
-34999.16862285153 
-35013.10106825301 
-34992.819718746956 
-35012.05553998996 
-35016.26552832844 
-35009.12324473416 
-35017.28397721511 
-35019.38328926073 
-35019.94307760864 
-35026.83852771546 
-35011.90251576684 
-35026.11852729206 
-35026.980784220395 
-35028.74369514006 
-35030.08759349705 
-35030.59853284616 
-35031.33901463816 
-35031.48302431156 
-35032.718570357865 
-35032.45935543512 
-35033.54525889575 
-35034.80871756901 
-35036.03749112049 
-35036.77619047077 
-35038.33951701454 
-35039.659242576054 
-35041.42065848511 
-35043.48640632116 
-35044.85259176877 
-35046.49900250084 
-35047.34291708283 
-35048.60977122342 
-35049.663220553266 
-35050.82942447678 
-35050.82942447678 
-35049.73688128823 
-35050.43761829492 
-35045.64096691448 
-35048.84851653296 
-35048.84851653296 
-35048.46162295686 
-35049.22939710545 
-35051.73856679069 
-35050.47496036816 
-35048.322454204295 
-35054.79070007689 
-35052.94540061217 
-35056.17930238555 
-35056.55780306528 
-35056.55780306528 
-35056.55780306528 
-35056.696984034235 
-35056.696984034235 
-35011.0695403936 
-35011.0695403936 
-35028.308486629234 
-35006.89992195125 
-35039.55527664398 
-35043.67801431072 
-35043.67801431072 
-35022.03762940774 
-35022.03762940774 
-35037.12495436168 
-35037.12495436168 
-35043.8195309168 
-35048.41741987753 
-35051.75292059812 
-35054.63609786386 
-35056.08020134612 
-35058.38699094416 
-35059.28523738295 
-35059.28523738295 
-34866.841474204615 
-35011.83958840584 
-34975.791594821494 
-35035.81715546273 
-35048.627393032744 
-35048.627393032744 
-34984.04561633259 
-35035.45381510325 
-34976.87195872158 
-35038.99132895808 
-35003.9639195947 
-34990.71563677391 
-35038.503320941745 
-35023.548208538574 
-35053.94071786323 
-35055.95061140261 
-35060.26269633366 
-35058.00026770614 
-35062.24892002438 
-35055.56779418518 
-35062.21216341629 
-35063.229995259586 
-35063.6132607958 
-35065.701893404 
-35065.43304757966 
-35067.43713902116 
-35066.800536032955 
-35068.73826799693 
-35068.41541116912 
-35070.1114151783 
-35070.55102343662 
-35071.32742512866 
-35072.387186418135 
-35073.22046351337 
-35073.22046351337 
-34916.358379000085 
-35061.544757355114 
-35061.544757355114 
-34340.598207535695 
-31609.26137491056 
-34610.22197676137 
-34691.928353744705 
-34920.25671317882 
-34920.25671317882 
-34870.34820826678 
-34927.823843011865 
-34927.823843011865 
-34946.339048401576 
-34970.702280479774 
-34982.38185278247 
-34992.110439020136 
-35000.55218140103 
-35008.593890201315 
-35015.64304242613 
-35021.80446053845 
-35026.93369346103 
-35031.54031415033 
-35036.00772943787 
-35039.65019345161 
-35043.45816246846 
-35046.57183182919 
-35049.44761955674 
-35051.77246960196 
-35054.367625446415 
-35056.383815963054 
-35058.317838521296 
-35060.057136064344 
-35061.85551626028 
-35063.30398145785 
-35064.64457562475 
-35066.23519982658 
-35067.24460811725 
-35068.35060271322 
-35068.885748741035 
-35069.880938526665 
-35070.77659462794 
-35071.547011898125 
-35071.178634463904 
-35072.670572292365 
-35073.21917986952 
-35073.498283550274 
-35074.61564262397 
-35074.98882870928 
-35075.81759126897 
-35076.20611792403 
-35077.093761450786 
-35077.63883503125 
-35078.66076075109 
-35078.974179143195 
-35079.990086096965 
