-34409.196097405584 
-34718.75199824759 
-34236.343699231904 
-34816.83780930945 
-34790.92033553912 
-34808.91875292123 
-34817.86512407458 
-34825.62669679318 
-34842.2920291751 
-34785.10209519655 
-34856.96538048507 
-34872.95453036061 
-34881.665126633285 
-34886.16583368166 
-34890.5315054997 
-34897.16695122783 
-34903.246540905435 
-34903.246540905435 
-34862.22208046378 
-34862.22208046378 
-34415.782762592855 
-34629.793580242964 
-34629.793580242964 
-34695.98703391832 
-34751.613182200905 
-34778.74828009971 
-34789.72214608744 
-34789.72214608744 
-34813.78751217102 
-34830.16011613021 
-34844.01558485123 
-34855.66717676052 
-34864.3509395983 
-34873.77017965357 
-34880.78827018655 
-34889.048209505556 
-34895.68959401692 
-34902.766500055506 
-34910.40894329481 
-34916.15372735423 
-34923.557847095486 
-34928.39303568176 
-34932.39321382716 
-34941.96394921175 
-34930.729548699725 
-34948.3222454219 
-34948.08206226529 
-34948.08206226529 
-34881.30875930195 
-34887.575038370414 
-34945.7632113938 
-34930.196840880686 
-34943.77559226765 
-34955.41726008178 
-34918.12798473671 
-34945.83692975329 
