-35061.544757355114 
-34340.598207535695 
-31609.26137491056 
-34610.22197676137 
-34691.928353744705 
-34920.25671317882 
-34920.25671317882 
-34870.34820826678 
-34927.823843011865 
-34927.823843011865 
-34946.339048401576 
-34970.702280479774 
-34982.38185278247 
-34992.110439020136 
-35000.55218140103 
-35008.593890201315 
-35015.64304242613 
-35021.80446053845 
-35026.93369346103 
-35031.54031415033 
-35036.00772943787 
-35039.65019345161 
-35043.45816246846 
-35046.57183182919 
-35049.44761955674 
-35051.77246960196 
-35054.367625446415 
-35056.383815963054 
-35058.317838521296 
-35060.057136064344 
-35061.85551626028 
-35063.30398145785 
-35064.64457562475 
-35066.23519982658 
-35067.24460811725 
-35068.35060271322 
-35068.885748741035 
-35069.880938526665 
-35070.77659462794 
-35071.547011898125 
-35071.178634463904 
-35072.670572292365 
-35073.21917986952 
-35073.498283550274 
-35074.61564262397 
-35074.98882870928 
-35075.81759126897 
-35076.20611792403 
-35077.093761450786 
-35077.63883503125 
-35078.66076075109 
-35078.974179143195 
-35079.990086096965 
