-34945.83692975329 
-34827.05707273131 
-34846.76127507846 
-34878.95551396678 
-34588.25670687791 
-34930.70235015584 
-34935.89895628655 
-34940.08820740355 
-34907.72474096802 
-34931.47761088234 
-34950.225445775824 
-34954.34168086101 
-34958.57308731232 
-34968.48171007453 
-34950.37845778254 
-34975.72942095874 
-34979.389383926326 
-34968.53182888728 
-34985.58551758617 
-34986.62982029089 
-34982.047302325656 
-34991.00221274168 
-34989.438697650476 
-34989.860902381166 
-34993.269803143376 
-34998.26461257754 
-34999.21667916739 
-35002.79153325148 
-35004.10480348353 
-35006.496054265444 
-35008.67130021818 
-35010.31121551412 
-35012.851812230656 
-35014.317010897925 
-35016.07536210441 
-35017.4970279808 
-35019.26470467893 
-35020.43424206579 
-35022.03646931087 
-35023.10338848797 
-35024.47356178301 
-35024.47356178301 
-34883.411998573996 
-35013.326495152534 
-34977.895349026265 
-35007.81531468181 
-35016.457828734245 
-35001.481431676635 
-35020.97866103168 
-35023.16222035895 
-35016.817457383026 
-35024.83657967568 
